3, 7
4, 8
4, 9
4, 11
5, 9
5, 10
5, 11
5, 12
5, 13
6, 11
6, 12
6, 13
6, 14
6, 15
7, 13
7, 14
7, 15
8, 15
8, 17
9, 15
9, 17
9, 18
9, 19
10, 15
10, 16
10, 17
10, 18
10, 19
10, 20
10, 21
10, 22
10, 23
11, 15
11, 17
11, 18
11, 19
11, 20
11, 21
11, 22
11, 23
11, 24
11, 25
11, 26
11, 27
12, 17
12, 19
12, 20
12, 21
12, 22
12, 23
12, 24
12, 25
12, 27
13, 19
13, 21
13, 25
14, 20
14, 21
14, 23
14, 27
15, 19
15, 21
15, 22
15, 23
15, 24
15, 25
15, 26
15, 27
15, 28
15, 29
15, 30
15, 31
15, 32
15, 33
16, 21
16, 22
16, 23
16, 24
16, 25
16, 26
16, 27
16, 28
16, 29
16, 30
16, 31
16, 32
16, 33
16, 34
16, 35
16, 36
16, 37
16, 38
16, 39
16, 41
17, 23
17, 24
17, 25
17, 26
17, 27
17, 28
17, 29
17, 30
17, 31
17, 32
17, 33
17, 34
17, 35
17, 36
17, 37
18, 25
18, 27
19, 25
19, 27
20, 25
20, 27
20, 28
20, 29
20, 30
20, 31
20, 32
20, 33
20, 34
20, 35
20, 36
20, 37
20, 38
20, 39
20, 40
20, 41
20, 42
20, 43
21, 25
21, 27
21, 28
21, 29
21, 30
21, 31
21, 32
21, 33
21, 34
21, 35
21, 36
21, 37
21, 38
21, 39
21, 40
21, 41
21, 42
21, 43
21, 44
21, 45
21, 46
21, 47
21, 48
21, 49
21, 50
21, 51
21, 53
22, 27
22, 29
22, 30
22, 31
22, 32
22, 33
22, 34
22, 35
22, 36
22, 37
22, 38
22, 39
22, 40
22, 41
22, 42
22, 43
22, 44
22, 45
22, 46
23, 29
23, 31
23, 33
24, 31
24, 33
25, 31
25, 32
25, 33
25, 34
25, 35
25, 36
25, 37
25, 38
25, 39
25, 40
25, 41
25, 42
25, 43
25, 44
25, 45
25, 46
25, 47
25, 48
25, 49
25, 50
25, 51
25, 52
26, 31
26, 32
26, 33
26, 34
26, 35
26, 36
26, 37
26, 38
26, 39
26, 40
26, 41
26, 42
26, 43
26, 44
26, 45
26, 46
26, 47
26, 48
26, 49
26, 50
26, 51
26, 52
26, 53
26, 54
26, 55
26, 56
26, 57
26, 58
26, 59
26, 60
26, 61
26, 63
27, 33
27, 34
27, 35
27, 36
27, 37
27, 38
27, 39
27, 40
27, 41
27, 42
27, 43
27, 44
27, 45
27, 46
27, 47
27, 48
27, 49
27, 50
27, 51
27, 52
27, 53
27, 54
27, 55
27, 56
30, 35
30, 37
30, 38
30, 39
30, 40
30, 41
30, 42
30, 43
30, 44
30, 45
30, 46
30, 47
30, 48
30, 49
30, 50
30, 51
30, 52
30, 53
30, 54
30, 55
30, 56
30, 57
30, 58
30, 59
30, 60
30, 61
31, 35
31, 36
31, 37
31, 38
31, 39
31, 40
31, 41
31, 42
31, 43
31, 44
31, 45
31, 46
31, 47
31, 48
31, 49
31, 50
31, 51
31, 52
31, 53
31, 54
31, 55
31, 56
31, 57
31, 58
31, 59
31, 60
31, 61
31, 62
31, 63
31, 64
31, 65
31, 66
31, 67
31, 68
31, 69
31, 70
31, 71
31, 73
32, 37
32, 39
32, 40
32, 41
32, 42
32, 43
32, 44
32, 45
32, 46
32, 47
32, 48
32, 49
32, 50
32, 51
32, 52
32, 53
32, 54
32, 55
32, 56
32, 57
32, 58
32, 59
32, 60
32, 61
32, 62
32, 63
32, 64
32, 65
32, 67
35, 41
35, 42
35, 43
35, 44
35, 45
35, 46
35, 47
35, 48
35, 49
35, 50
35, 51
35, 52
35, 53
35, 54
35, 55
35, 56
35, 57
35, 58
35, 59
35, 60
35, 61
35, 62
35, 63
35, 64
35, 65
35, 66
35, 67
35, 69
35, 70
36, 39
36, 40
36, 41
36, 42
36, 43
36, 44
36, 45
36, 46
36, 47
36, 48
36, 49
36, 50
36, 51
36, 52
36, 53
36, 54
36, 55
36, 56
36, 57
36, 58
36, 59
36, 60
36, 61
36, 62
36, 63
36, 64
36, 65
36, 66
36, 67
36, 68
36, 69
36, 70
36, 71
36, 72
36, 73
36, 74
36, 75
36, 76
36, 77
36, 78
36, 79
36, 80
36, 81
36, 82
36, 83
36, 85
37, 43
37, 45
37, 46
37, 47
37, 48
37, 49
37, 50
37, 51
37, 52
37, 53
37, 54
37, 55
37, 56
37, 57
37, 58
37, 59
37, 60
37, 61
37, 62
37, 63
37, 64
37, 65
37, 66
37, 67
37, 68
37, 69
37, 70
37, 71
37, 72
37, 73
37, 74
37, 75
37, 76
37, 77
37, 78
37, 79
37, 80
37, 81
37, 83
40, 46
40, 47
40, 48
40, 49
40, 50
40, 51
40, 52
40, 53
40, 54
40, 55
40, 56
40, 57
40, 58
40, 59
40, 60
40, 61
40, 62
40, 63
40, 64
40, 65
40, 66
40, 67
40, 68
40, 69
40, 70
40, 71
40, 73
41, 44
41, 45
41, 46
41, 47
41, 48
41, 49
41, 50
41, 51
41, 52
41, 53
41, 54
41, 55
41, 56
41, 57
41, 58
41, 59
41, 60
41, 61
41, 62
41, 63
41, 64
41, 65
41, 66
41, 67
41, 68
41, 69
41, 70
41, 71
41, 72
41, 73
41, 74
41, 75
41, 76
41, 77
41, 78
41, 79
41, 80
41, 81
41, 82
41, 83
41, 84
41, 85
41, 86
41, 87
41, 88
41, 89
41, 90
41, 91
42, 48
42, 49
42, 50
42, 51
42, 52
42, 53
42, 54
42, 55
42, 56
42, 57
42, 58
42, 59
42, 60
42, 61
42, 62
42, 63
42, 64
42, 65
42, 66
42, 67
42, 68
42, 69
42, 70
42, 71
42, 72
42, 73
42, 74
42, 75
42, 76
42, 77
42, 78
42, 79
42, 80
42, 81
42, 82
42, 83
42, 84
42, 85
42, 86
42, 87
42, 88
42, 89
42, 90
42, 91
45, 52
45, 53
45, 54
45, 55
45, 56
45, 57
45, 58
45, 59
45, 60
45, 61
45, 62
45, 63
45, 64
45, 65
45, 66
45, 67
45, 68
45, 69
45, 70
45, 71
45, 72
45, 73
45, 74
45, 75
45, 77
46, 49
46, 50
46, 51
46, 52
46, 53
46, 54
46, 55
46, 56
46, 57
46, 58
46, 59
46, 60
46, 61
46, 62
46, 63
46, 64
46, 65
46, 66
46, 67
46, 68
46, 69
46, 70
46, 71
46, 72
46, 73
46, 74
46, 75
46, 76
46, 77
46, 78
46, 79
46, 80
46, 81
46, 82
46, 83
46, 84
46, 85
46, 86
46, 87
46, 88
46, 89
46, 90
46, 91
46, 92
46, 93
46, 94
46, 95
46, 96
46, 97
46, 98
47, 54
47, 55
47, 56
47, 57
47, 58
47, 59
47, 60
47, 61
47, 62
47, 63
47, 64
47, 65
47, 66
47, 67
47, 68
47, 69
47, 70
47, 71
47, 72
47, 73
47, 74
47, 75
47, 76
47, 77
47, 78
47, 79
47, 80
47, 81
47, 82
47, 83
47, 84
47, 85
47, 86
47, 87
47, 88
47, 89
47, 90
47, 91
47, 92
47, 93
47, 94
47, 95
47, 96
47, 97
47, 98
47, 99
50, 58
50, 59
50, 60
50, 61
50, 62
50, 63
50, 64
50, 65
50, 66
50, 67
50, 68
50, 69
50, 70
50, 71
50, 72
50, 73
50, 74
50, 75
50, 76
50, 77
50, 78
50, 79
50, 81
51, 54
51, 55
51, 56
51, 57
51, 58
51, 59
51, 60
51, 61
51, 62
51, 63
51, 64
51, 65
51, 66
51, 67
51, 68
51, 69
51, 70
51, 71
51, 72
51, 73
51, 74
51, 75
51, 76
51, 77
51, 78
51, 79
51, 80
51, 81
51, 82
51, 83
51, 84
51, 85
51, 86
51, 87
51, 88
51, 89
51, 90
51, 91
51, 92
51, 93
51, 94
51, 95
51, 96
51, 97
51, 98
51, 99
51, 100
51, 101
51, 102
51, 103
51, 104
51, 105
51, 106
51, 107
52, 59
52, 61
52, 62
52, 63
52, 64
52, 65
52, 66
52, 67
52, 68
52, 69
52, 70
52, 71
52, 72
52, 73
52, 74
52, 75
52, 76
52, 77
52, 78
52, 79
52, 80
52, 81
52, 82
52, 83
52, 84
52, 85
52, 86
52, 87
52, 88
52, 89
52, 90
52, 91
52, 92
52, 93
52, 94
52, 95
52, 96
52, 97
52, 98
52, 99
52, 100
52, 101
52, 102
52, 103
52, 104
52, 105
52, 106
52, 107
52, 108
55, 63
55, 65
55, 67
55, 69
55, 71
55, 72
55, 73
55, 75
55, 76
55, 77
55, 79
55, 81
56, 59
56, 60
56, 61
56, 62
56, 63
56, 64
56, 65
56, 66
56, 67
56, 68
56, 69
56, 70
56, 71
56, 72
56, 73
56, 74
56, 75
56, 76
56, 77
56, 78
56, 79
56, 80
56, 81
56, 82
56, 83
56, 84
56, 85
56, 86
56, 87
56, 88
56, 89
56, 90
56, 91
56, 92
56, 93
56, 94
56, 95
56, 96
56, 97
56, 98
56, 99
56, 100
56, 101
56, 102
56, 103
56, 104
56, 105
56, 106
56, 107
56, 108
56, 109
56, 110
56, 111
56, 112
56, 113
56, 114
56, 115
56, 116
57, 63
57, 65
57, 66
57, 67
57, 68
57, 69
57, 70
57, 71
57, 72
57, 73
57, 74
57, 75
57, 76
57, 77
57, 78
57, 79
57, 80
57, 81
57, 82
57, 83
57, 84
57, 85
57, 86
57, 87
57, 88
57, 89
57, 90
57, 91
57, 92
57, 93
57, 94
57, 95
57, 96
57, 97
57, 98
57, 99
57, 100
57, 101
57, 102
57, 103
57, 104
57, 105
57, 106
57, 107
57, 108
57, 109
57, 110
57, 111
57, 112
57, 113
57, 114
57, 115
57, 116
57, 117
60, 69
61, 64
61, 65
61, 66
61, 67
61, 68
61, 69
61, 70
61, 71
61, 72
61, 73
61, 74
61, 75
61, 76
61, 77
61, 78
61, 79
61, 80
61, 81
61, 82
61, 83
61, 84
61, 85
61, 86
61, 87
61, 88
61, 89
61, 90
61, 91
61, 92
61, 93
61, 94
61, 95
61, 96
61, 97
61, 98
61, 99
61, 100
61, 101
61, 102
61, 103
61, 104
61, 105
61, 106
61, 107
61, 108
61, 109
61, 110
61, 111
61, 112
61, 113
61, 114
61, 115
61, 116
61, 117
61, 118
61, 119
61, 120
61, 121
61, 122
61, 123
61, 124
61, 125
62, 69
62, 70
62, 71
62, 72
62, 73
62, 74
62, 75
62, 76
62, 77
62, 78
62, 79
62, 80
62, 81
62, 82
62, 83
62, 84
62, 85
62, 86
62, 87
62, 88
62, 89
62, 90
62, 91
62, 92
62, 93
62, 94
62, 95
62, 96
62, 97
62, 98
62, 99
62, 100
62, 101
62, 102
62, 103
62, 104
62, 105
62, 106
62, 107
62, 108
62, 109
62, 110
62, 111
62, 112
62, 113
62, 114
62, 115
62, 116
62, 117
62, 118
62, 119
62, 120
62, 121
62, 122
62, 123
62, 124
62, 125
62, 126
62, 127
65, 75
66, 69
66, 70
66, 71
66, 72
66, 73
66, 74
66, 75
66, 76
66, 77
66, 78
66, 79
66, 80
66, 81
66, 82
66, 83
66, 84
66, 85
66, 86
66, 87
66, 88
66, 89
66, 90
66, 91
66, 92
66, 93
66, 94
66, 95
66, 96
66, 97
66, 98
66, 99
66, 100
66, 101
66, 102
66, 103
66, 104
66, 105
66, 106
66, 107
66, 108
66, 109
66, 110
66, 111
66, 112
66, 113
66, 114
66, 115
66, 116
66, 117
66, 118
66, 119
66, 120
66, 121
66, 122
66, 123
66, 124
66, 125
66, 126
66, 127
66, 128
66, 129
66, 130
66, 131
66, 132
66, 133
66, 134
66, 135
67, 74
67, 75
67, 76
67, 77
67, 78
67, 79
67, 80
67, 81
67, 82
67, 83
67, 84
67, 85
67, 86
67, 87
67, 88
67, 89
67, 90
67, 91
67, 92
67, 93
67, 94
67, 95
67, 96
67, 97
67, 98
67, 99
67, 100
67, 101
67, 102
67, 103
67, 104
67, 105
67, 106
67, 107
67, 108
67, 109
67, 110
67, 111
67, 112
67, 113
67, 114
67, 115
67, 116
67, 117
67, 118
67, 119
67, 120
67, 121
67, 122
67, 123
67, 124
67, 125
67, 126
67, 127
67, 128
67, 129
67, 130
67, 131
67, 132
67, 133
67, 134
67, 135
67, 136
67, 137
71, 75
71, 76
71, 77
71, 78
71, 79
71, 80
71, 81
71, 82
71, 83
71, 84
71, 85
71, 86
71, 87
71, 88
71, 89
71, 90
71, 91
71, 92
71, 93
71, 94
71, 95
71, 96
71, 97
71, 98
71, 99
71, 100
71, 101
71, 102
71, 103
71, 104
71, 105
71, 106
71, 107
71, 108
71, 109
71, 110
71, 111
71, 112
71, 113
71, 114
71, 115
71, 116
71, 117
71, 118
71, 119
71, 120
71, 121
71, 122
71, 123
71, 124
71, 125
71, 126
71, 127
71, 128
71, 129
71, 130
71, 131
71, 132
71, 133
71, 134
71, 135
71, 136
71, 137
71, 138
71, 139
71, 140
71, 141
71, 142
71, 143
71, 144
71, 145
72, 79
72, 80
72, 81
72, 82
72, 83
72, 84
72, 85
72, 86
72, 87
72, 88
72, 89
72, 90
72, 91
72, 92
72, 93
72, 94
72, 95
72, 96
72, 97
72, 98
72, 99
72, 100
72, 101
72, 102
72, 103
72, 104
72, 105
72, 106
72, 107
72, 108
72, 109
72, 110
72, 111
72, 112
72, 113
72, 114
72, 115
72, 116
72, 117
72, 118
72, 119
72, 120
72, 121
72, 122
72, 123
72, 124
72, 125
72, 126
72, 127
72, 128
72, 129
72, 130
72, 131
72, 132
72, 133
72, 134
72, 135
72, 136
72, 137
72, 138
72, 139
72, 140
72, 141
72, 142
72, 143
72, 144
72, 145
72, 146
72, 147
76, 83
76, 85
76, 86
76, 87
76, 88
76, 89
76, 90
76, 91
76, 92
76, 93
76, 94
76, 95
76, 96
76, 97
76, 98
76, 99
76, 100
76, 101
76, 102
76, 103
76, 104
76, 105
76, 106
76, 107
76, 108
76, 109
76, 110
76, 111
76, 112
76, 113
76, 114
76, 115
76, 116
76, 117
76, 118
76, 119
76, 120
76, 121
76, 122
76, 123
76, 124
76, 125
76, 126
76, 127
76, 128
76, 129
76, 130
76, 131
76, 132
76, 133
76, 134
76, 135
76, 136
76, 137
76, 138
76, 139
76, 140
76, 141
76, 142
76, 143
76, 144
76, 145
76, 146
76, 147
76, 148
76, 149
76, 150
76, 151
76, 152
76, 153
76, 154
76, 155
77, 85
77, 86
77, 87
77, 88
77, 89
77, 90
77, 91
77, 92
77, 93
77, 94
77, 95
77, 96
77, 97
77, 98
77, 99
77, 100
77, 101
77, 102
77, 103
77, 104
77, 105
77, 106
77, 107
77, 108
77, 109
77, 110
77, 111
77, 112
77, 113
77, 114
77, 115
77, 116
77, 117
77, 118
77, 119
77, 120
77, 121
77, 122
77, 123
77, 124
77, 125
77, 126
77, 127
77, 128
77, 129
77, 130
77, 131
77, 132
77, 133
77, 134
77, 135
77, 136
77, 137
77, 138
77, 139
77, 140
77, 141
77, 142
77, 143
77, 144
77, 145
77, 146
77, 147
77, 148
77, 149
77, 150
77, 151
77, 152
77, 153
77, 154
77, 155
77, 156
77, 157
81, 89
81, 91
81, 92
81, 93
81, 94
81, 95
81, 96
81, 97
81, 98
81, 99
81, 100
81, 101
81, 102
81, 103
81, 104
81, 105
81, 106
81, 107
81, 108
81, 109
81, 110
81, 111
81, 112
81, 113
81, 114
81, 115
81, 116
81, 117
81, 118
81, 119
81, 120
81, 121
81, 122
81, 123
81, 124
81, 125
81, 126
81, 127
81, 128
81, 129
81, 130
81, 131
81, 132
81, 133
81, 134
81, 135
81, 136
81, 137
81, 138
81, 139
81, 140
81, 141
81, 142
81, 143
81, 144
81, 145
81, 146
81, 147
81, 148
81, 149
81, 150
81, 151
81, 152
81, 153
81, 154
81, 155
81, 156
81, 157
81, 158
81, 159
81, 160
81, 161
81, 162
81, 163
81, 164
81, 165
82, 90
82, 91
82, 92
82, 93
82, 94
82, 95
82, 96
82, 97
82, 98
82, 99
82, 100
82, 101
82, 102
82, 103
82, 104
82, 105
82, 106
82, 107
82, 108
82, 109
82, 110
82, 111
82, 112
82, 113
82, 114
82, 115
82, 116
82, 117
82, 118
82, 119
82, 120
82, 121
82, 122
82, 123
82, 124
82, 125
82, 126
82, 127
82, 128
82, 129
82, 130
82, 131
82, 132
82, 133
82, 134
82, 135
82, 136
82, 137
82, 138
82, 139
82, 140
82, 141
82, 142
82, 143
82, 144
82, 145
82, 146
82, 147
82, 148
82, 149
82, 150
82, 151
82, 152
82, 153
82, 154
82, 155
82, 156
82, 157
82, 158
82, 159
82, 160
82, 161
82, 162
82, 163
82, 164
82, 165
82, 166
82, 167
86, 94
86, 95
86, 97
86, 98
86, 99
86, 100
86, 101
86, 102
86, 103
86, 104
86, 105
86, 106
86, 107
86, 108
86, 109
86, 110
86, 111
86, 112
86, 113
86, 114
86, 115
86, 116
86, 117
86, 118
86, 119
86, 120
86, 121
86, 122
86, 123
86, 124
86, 125
86, 126
86, 127
86, 128
86, 129
86, 130
86, 131
86, 132
86, 133
86, 134
86, 135
86, 136
86, 137
86, 138
86, 139
86, 140
86, 141
86, 142
86, 143
86, 144
86, 145
86, 146
86, 147
86, 148
86, 149
86, 150
86, 151
86, 152
86, 153
86, 154
86, 155
86, 156
86, 157
86, 158
86, 159
86, 160
86, 161
86, 162
86, 163
86, 164
86, 165
86, 166
86, 167
86, 168
86, 169
86, 170
86, 171
86, 172
86, 173
86, 174
86, 175
87, 95
87, 96
87, 97
87, 98
87, 99
87, 100
87, 101
87, 102
87, 103
87, 104
87, 105
87, 106
87, 107
87, 108
87, 109
87, 110
87, 111
87, 112
87, 113
87, 114
87, 115
87, 116
87, 117
87, 118
87, 119
87, 120
87, 121
87, 122
87, 123
87, 124
87, 125
87, 126
87, 127
87, 128
87, 129
87, 130
87, 131
87, 132
87, 133
87, 134
87, 135
87, 136
87, 137
87, 138
87, 139
87, 140
87, 141
87, 142
87, 143
87, 144
87, 145
87, 146
87, 147
87, 148
87, 149
87, 150
87, 151
87, 152
87, 153
87, 154
87, 155
87, 156
87, 157
87, 158
87, 159
87, 160
87, 161
87, 162
87, 163
87, 164
87, 165
87, 166
87, 167
87, 168
87, 169
87, 170
87, 171
87, 172
87, 173
87, 174
87, 175
87, 176
87, 177
91, 99
91, 101
91, 102
91, 103
91, 104
91, 105
91, 106
91, 107
91, 108
91, 109
91, 110
91, 111
91, 112
91, 113
91, 114
91, 115
91, 116
91, 117
91, 118
91, 119
91, 120
91, 121
91, 122
91, 123
91, 124
91, 125
91, 126
91, 127
91, 128
91, 129
91, 130
91, 131
91, 132
91, 133
91, 134
91, 135
91, 136
91, 137
91, 138
91, 139
91, 140
91, 141
91, 142
91, 143
91, 144
91, 145
91, 146
91, 147
91, 148
91, 149
91, 150
91, 151
91, 152
91, 153
91, 154
91, 155
91, 156
91, 157
91, 158
91, 159
91, 160
91, 161
91, 162
91, 163
91, 164
91, 165
91, 166
91, 167
91, 168
91, 169
91, 170
91, 171
91, 172
91, 173
91, 174
91, 175
91, 176
91, 177
91, 178
91, 179
91, 180
91, 181
91, 182
91, 183
91, 184
91, 185
92, 100
92, 101
92, 102
92, 103
92, 104
92, 105
92, 106
92, 107
92, 108
92, 109
92, 110
92, 111
92, 112
92, 113
92, 114
92, 115
92, 116
92, 117
92, 118
92, 119
92, 120
92, 121
92, 122
92, 123
92, 124
92, 125
92, 126
92, 127
92, 128
92, 129
92, 130
92, 131
92, 132
92, 133
92, 134
92, 135
92, 136
92, 137
92, 138
92, 139
92, 140
92, 141
92, 142
92, 143
92, 144
92, 145
92, 146
92, 147
92, 148
92, 149
92, 150
92, 151
92, 152
92, 153
92, 154
92, 155
92, 156
92, 157
92, 158
92, 159
92, 160
92, 161
92, 162
92, 163
92, 164
92, 165
92, 166
92, 167
92, 168
92, 169
92, 170
92, 171
92, 172
92, 173
92, 174
92, 175
92, 176
92, 177
92, 178
92, 179
92, 180
92, 181
92, 182
92, 183
92, 184
92, 185
92, 186
92, 187
96, 105
96, 106
96, 107
96, 108
96, 109
96, 110
96, 111
96, 112
96, 113
96, 114
96, 115
96, 116
96, 117
96, 118
96, 119
96, 120
96, 121
96, 122
96, 123
96, 124
96, 125
96, 126
96, 127
96, 128
96, 129
96, 130
96, 131
96, 132
96, 133
96, 134
96, 135
96, 136
96, 137
96, 138
96, 139
96, 140
96, 141
96, 142
96, 143
96, 144
96, 145
96, 146
96, 147
96, 148
96, 149
96, 150
96, 151
96, 152
96, 153
96, 154
96, 155
96, 156
96, 157
96, 158
96, 159
96, 160
96, 161
96, 162
96, 163
96, 164
96, 165
96, 166
96, 167
96, 168
96, 169
96, 170
96, 171
96, 172
96, 173
96, 174
96, 175
96, 176
96, 177
96, 178
96, 179
96, 180
96, 181
96, 182
96, 183
96, 184
96, 185
96, 186
96, 187
96, 188
96, 189
96, 190
96, 191
96, 192
96, 193
96, 194
96, 195
97, 105
97, 107
97, 108
97, 109
97, 110
97, 111
97, 112
97, 113
97, 114
97, 115
97, 116
97, 117
97, 118
97, 119
97, 120
97, 121
97, 122
97, 123
97, 124
97, 125
97, 126
97, 127
97, 128
97, 129
97, 130
97, 131
97, 132
97, 133
97, 134
97, 135
97, 136
97, 137
97, 138
97, 139
97, 140
97, 141
97, 142
97, 143
97, 144
97, 145
97, 146
97, 147
97, 148
97, 149
97, 150
97, 151
97, 152
97, 153
97, 154
97, 155
97, 156
97, 157
97, 158
97, 159
97, 160
97, 161
97, 162
97, 163
97, 164
97, 165
97, 166
97, 167
97, 168
97, 169
97, 170
97, 171
97, 172
97, 173
97, 174
97, 175
97, 176
97, 177
97, 178
97, 179
97, 180
97, 181
97, 182
97, 183
97, 184
97, 185
97, 186
97, 187
97, 188
97, 189
97, 190
97, 191
97, 192
97, 193
97, 194
97, 195
97, 196
97, 197
101, 109
101, 111
101, 112
101, 113
101, 114
101, 115
101, 116
101, 117
101, 118
101, 119
101, 120
101, 121
101, 122
101, 123
101, 124
101, 125
101, 126
101, 127
101, 128
101, 129
101, 130
101, 131
101, 132
101, 133
101, 134
101, 135
101, 136
101, 137
101, 138
101, 139
101, 140
101, 141
101, 142
101, 143
101, 144
101, 145
101, 146
101, 147
101, 148
101, 149
101, 150
101, 151
101, 152
101, 153
101, 154
101, 155
101, 156
101, 157
101, 158
101, 159
101, 160
101, 161
101, 162
101, 163
101, 164
101, 165
101, 166
101, 167
101, 168
101, 169
101, 170
101, 171
101, 172
101, 173
101, 174
101, 175
101, 176
101, 177
101, 178
101, 179
101, 180
101, 181
101, 182
101, 183
101, 184
101, 185
101, 186
101, 187
101, 188
101, 189
101, 190
101, 191
101, 192
101, 193
101, 194
101, 195
101, 196
101, 197
101, 198
101, 199
101, 200
101, 201
101, 202
101, 203
101, 204
101, 205
102, 110
102, 111
102, 112
102, 113
102, 114
102, 115
102, 116
102, 117
102, 118
102, 119
102, 120
102, 121
102, 122
102, 123
102, 124
102, 125
102, 126
102, 127
102, 128
102, 129
102, 130
102, 131
102, 132
102, 133
102, 134
102, 135
102, 136
102, 137
102, 138
102, 139
102, 140
102, 141
102, 142
102, 143
102, 144
102, 145
102, 146
102, 147
102, 148
102, 149
102, 150
102, 151
102, 152
102, 153
102, 154
102, 155
102, 156
102, 157
102, 158
102, 159
102, 160
102, 161
102, 162
102, 163
102, 164
102, 165
102, 166
102, 167
102, 168
102, 169
102, 170
102, 171
102, 172
102, 173
102, 174
102, 175
102, 176
102, 177
102, 178
102, 179
102, 180
102, 181
102, 182
102, 183
102, 184
102, 185
102, 186
102, 187
102, 188
102, 189
102, 190
102, 191
102, 192
102, 193
102, 194
102, 195
102, 196
102, 197
102, 198
102, 199
102, 200
102, 201
102, 202
102, 203
102, 204
102, 205
102, 206
102, 207
106, 115
106, 116
106, 117
106, 118
106, 119
106, 120
106, 121
106, 122
106, 123
106, 124
106, 125
106, 126
106, 127
106, 128
106, 129
106, 130
106, 131
106, 132
106, 133
106, 134
106, 135
106, 136
106, 137
106, 138
106, 139
106, 140
106, 141
106, 142
106, 143
106, 144
106, 145
106, 146
106, 147
106, 148
106, 149
106, 150
106, 151
106, 152
106, 153
106, 154
106, 155
106, 156
106, 157
106, 158
106, 159
106, 160
106, 161
106, 162
106, 163
106, 164
106, 165
106, 166
106, 167
106, 168
106, 169
106, 170
106, 171
106, 172
106, 173
106, 174
106, 175
106, 176
106, 177
106, 178
106, 179
106, 180
106, 181
106, 182
106, 183
106, 184
106, 185
106, 186
106, 187
106, 188
106, 189
106, 190
106, 191
106, 192
106, 193
106, 194
106, 195
106, 196
106, 197
106, 198
106, 199
106, 200
106, 201
106, 202
106, 203
106, 204
106, 205
106, 206
106, 207
106, 208
106, 209
106, 210
106, 211
106, 212
106, 213
106, 214
106, 215
107, 115
107, 117
107, 118
107, 119
107, 120
107, 121
107, 122
107, 123
107, 124
107, 125
107, 126
107, 127
107, 128
107, 129
107, 130
107, 131
107, 132
107, 133
107, 134
107, 135
107, 136
107, 137
107, 138
107, 139
107, 140
107, 141
107, 142
107, 143
107, 144
107, 145
107, 146
107, 147
107, 148
107, 149
107, 150
107, 151
107, 152
107, 153
107, 154
107, 155
107, 156
107, 157
107, 158
107, 159
107, 160
107, 161
107, 162
107, 163
107, 164
107, 165
107, 166
107, 167
107, 168
107, 169
107, 170
107, 171
107, 172
107, 173
107, 174
107, 175
107, 176
107, 177
107, 178
107, 179
107, 180
107, 181
107, 182
107, 183
107, 184
107, 185
107, 186
107, 187
107, 188
107, 189
107, 190
107, 191
107, 192
107, 193
107, 194
107, 195
107, 196
107, 197
107, 198
107, 199
107, 200
107, 201
107, 202
107, 203
107, 204
107, 205
107, 206
107, 207
107, 208
107, 209
107, 210
107, 211
107, 212
107, 213
107, 214
107, 215
107, 216
107, 217
111, 120
111, 121
111, 122
111, 123
111, 124
111, 125
111, 126
111, 127
111, 128
111, 129
111, 130
111, 131
111, 132
111, 133
111, 134
111, 135
111, 136
111, 137
111, 138
111, 139
111, 140
111, 141
111, 142
111, 143
111, 144
111, 145
111, 146
111, 147
111, 148
111, 149
111, 150
111, 151
111, 152
111, 153
111, 154
111, 155
111, 156
111, 157
111, 158
111, 159
111, 160
111, 161
111, 162
111, 163
111, 164
111, 165
111, 166
111, 167
111, 168
111, 169
111, 170
111, 171
111, 172
111, 173
111, 174
111, 175
111, 176
111, 177
111, 178
111, 179
111, 180
111, 181
111, 182
111, 183
111, 184
111, 185
111, 186
111, 187
111, 188
111, 189
111, 190
111, 191
111, 192
111, 193
111, 194
111, 195
111, 196
111, 197
111, 198
111, 199
111, 200
111, 201
111, 202
111, 203
111, 204
111, 205
111, 206
111, 207
111, 208
111, 209
111, 210
111, 211
111, 212
111, 213
111, 214
111, 215
111, 216
111, 217
111, 218
111, 219
111, 220
111, 221
111, 222
111, 223
111, 224
111, 225
112, 121
112, 122
112, 123
112, 124
112, 125
112, 126
112, 127
112, 128
112, 129
112, 130
112, 131
112, 132
112, 133
112, 134
112, 135
112, 136
112, 137
112, 138
112, 139
112, 140
112, 141
112, 142
112, 143
112, 144
112, 145
112, 146
112, 147
112, 148
112, 149
112, 150
112, 151
112, 152
112, 153
112, 154
112, 155
112, 156
112, 157
112, 158
112, 159
112, 160
112, 161
112, 162
112, 163
112, 164
112, 165
112, 166
112, 167
112, 168
112, 169
112, 170
112, 171
112, 172
112, 173
112, 174
112, 175
112, 176
112, 177
112, 178
112, 179
112, 180
112, 181
112, 182
112, 183
112, 184
112, 185
112, 186
112, 187
112, 188
112, 189
112, 190
112, 191
112, 192
112, 193
112, 194
112, 195
112, 196
112, 197
112, 198
112, 199
112, 200
112, 201
112, 202
112, 203
112, 204
112, 205
112, 206
112, 207
112, 208
112, 209
112, 210
112, 211
112, 212
112, 213
112, 214
112, 215
112, 216
112, 217
112, 218
112, 219
112, 220
112, 221
112, 222
112, 223
112, 224
112, 225
112, 226
112, 227
116, 126
116, 127
116, 128
116, 129
116, 130
116, 131
116, 132
116, 133
116, 134
116, 135
116, 136
116, 137
116, 138
116, 139
116, 140
116, 141
116, 142
116, 143
116, 144
116, 145
116, 146
116, 147
116, 148
116, 149
116, 150
116, 151
116, 152
116, 153
116, 154
116, 155
116, 156
116, 157
116, 158
116, 159
116, 160
116, 161
116, 162
116, 163
116, 164
116, 165
116, 166
116, 167
116, 168
116, 169
116, 170
116, 171
116, 172
116, 173
116, 174
116, 175
116, 176
116, 177
116, 178
116, 179
116, 180
116, 181
116, 182
116, 183
116, 184
116, 185
116, 186
116, 187
116, 188
116, 189
116, 190
116, 191
116, 192
116, 193
116, 194
116, 195
116, 196
116, 197
116, 198
116, 199
116, 200
116, 201
116, 202
116, 203
116, 204
116, 205
116, 206
116, 207
116, 208
116, 209
116, 210
116, 211
116, 212
116, 213
116, 214
116, 215
116, 216
116, 217
116, 218
116, 219
116, 220
116, 221
116, 222
116, 223
116, 224
116, 225
116, 226
116, 227
116, 228
116, 229
116, 230
116, 231
116, 232
116, 233
116, 234
116, 235
117, 127
117, 128
117, 129
117, 130
117, 131
117, 132
117, 133
117, 134
117, 135
117, 136
117, 137
117, 138
117, 139
117, 140
117, 141
117, 142
117, 143
117, 144
117, 145
117, 146
117, 147
117, 148
117, 149
117, 150
117, 151
117, 152
117, 153
117, 154
117, 155
117, 156
117, 157
117, 158
117, 159
117, 160
117, 161
117, 162
117, 163
117, 164
117, 165
117, 166
117, 167
117, 168
117, 169
117, 170
117, 171
117, 172
117, 173
117, 174
117, 175
117, 176
117, 177
117, 178
117, 179
117, 180
117, 181
117, 182
117, 183
117, 184
117, 185
117, 186
117, 187
117, 188
117, 189
117, 190
117, 191
117, 192
117, 193
117, 194
117, 195
117, 196
117, 197
117, 198
117, 199
117, 200
117, 201
117, 202
117, 203
117, 204
117, 205
117, 206
117, 207
117, 208
117, 209
117, 210
117, 211
117, 212
117, 213
117, 214
117, 215
117, 216
117, 217
117, 218
117, 219
117, 220
117, 221
117, 222
117, 223
117, 224
117, 225
117, 226
117, 227
117, 228
117, 229
117, 230
117, 231
117, 232
117, 233
117, 234
117, 235
117, 236
117, 237
121, 133
121, 135
121, 136
121, 137
121, 138
121, 139
121, 140
121, 141
121, 142
121, 143
121, 144
121, 145
121, 146
121, 147
121, 148
121, 149
121, 150
121, 151
121, 152
121, 153
121, 154
121, 155
121, 156
121, 157
121, 158
121, 159
121, 160
121, 161
121, 162
121, 163
121, 164
121, 165
121, 166
121, 167
121, 168
121, 169
121, 170
121, 171
121, 172
121, 173
121, 174
121, 175
121, 176
121, 177
121, 178
121, 179
121, 180
121, 181
121, 182
121, 183
121, 184
121, 185
121, 186
121, 187
121, 188
121, 189
121, 190
121, 191
121, 192
121, 193
121, 194
121, 195
121, 196
121, 197
121, 198
121, 199
121, 200
121, 201
121, 202
121, 203
121, 204
121, 205
121, 206
121, 207
121, 208
121, 209
121, 210
121, 211
121, 212
121, 213
121, 214
121, 215
121, 216
121, 217
121, 218
121, 219
121, 220
121, 221
121, 222
121, 223
121, 224
121, 225
121, 226
121, 227
121, 228
121, 229
121, 230
121, 231
121, 232
121, 233
121, 234
121, 235
121, 236
121, 237
121, 238
121, 239
121, 240
121, 241
121, 242
121, 243
121, 244
121, 245
122, 133
122, 135
122, 136
122, 137
122, 138
122, 139
122, 140
122, 141
122, 142
122, 143
122, 144
122, 145
122, 146
122, 147
122, 148
122, 149
122, 150
122, 151
122, 152
122, 153
122, 154
122, 155
122, 156
122, 157
122, 158
122, 159
122, 160
122, 161
122, 162
122, 163
122, 164
122, 165
122, 166
122, 167
122, 168
122, 169
122, 170
122, 171
122, 172
122, 173
122, 174
122, 175
122, 176
122, 177
122, 178
122, 179
122, 180
122, 181
122, 182
122, 183
122, 184
122, 185
122, 186
122, 187
122, 188
122, 189
122, 190
122, 191
122, 192
122, 193
122, 194
122, 195
122, 196
122, 197
122, 198
122, 199
122, 200
122, 201
122, 202
122, 203
122, 204
122, 205
122, 206
122, 207
122, 208
122, 209
122, 210
122, 211
122, 212
122, 213
122, 214
122, 215
122, 216
122, 217
122, 218
122, 219
122, 220
122, 221
122, 222
122, 223
122, 224
122, 225
122, 226
122, 227
122, 228
122, 229
122, 230
122, 231
122, 232
122, 233
122, 234
122, 235
122, 236
122, 237
122, 238
122, 239
122, 240
122, 241
122, 242
122, 243
122, 244
122, 245
122, 246
122, 247
126, 142
126, 143
126, 144
126, 145
126, 146
126, 147
126, 148
126, 149
126, 150
126, 151
126, 152
126, 153
126, 154
126, 155
126, 156
126, 157
126, 158
126, 159
126, 160
126, 161
126, 162
126, 163
126, 164
126, 165
126, 166
126, 167
126, 168
126, 169
126, 170
126, 171
126, 172
126, 173
126, 174
126, 175
126, 176
126, 177
126, 178
126, 179
126, 180
126, 181
126, 182
126, 183
126, 184
126, 185
126, 186
126, 187
126, 188
126, 189
126, 190
126, 191
126, 192
126, 193
126, 194
126, 195
126, 196
126, 197
126, 198
126, 199
126, 200
126, 201
126, 202
126, 203
126, 204
126, 205
126, 206
126, 207
126, 208
126, 209
126, 210
126, 211
126, 212
126, 213
126, 214
126, 215
126, 216
126, 217
126, 218
126, 219
126, 220
126, 221
126, 222
126, 223
126, 224
126, 225
126, 226
126, 227
126, 228
126, 229
126, 230
126, 231
126, 232
126, 233
126, 234
126, 235
126, 236
126, 237
126, 238
126, 239
126, 240
126, 241
126, 242
126, 243
126, 244
126, 245
126, 246
126, 247
126, 248
126, 249
126, 250
126, 251
126, 252
126, 253
126, 254
126, 255
126, 256
126, 257
126, 259
127, 142
127, 143
127, 144
127, 145
127, 146
127, 147
127, 148
127, 149
127, 150
127, 151
127, 152
127, 153
127, 154
127, 155
127, 156
127, 157
127, 158
127, 159
127, 160
127, 161
127, 162
127, 163
127, 164
127, 165
127, 166
127, 167
127, 168
127, 169
127, 170
127, 171
127, 172
127, 173
127, 174
127, 175
127, 176
127, 177
127, 178
127, 179
127, 180
127, 181
127, 182
127, 183
127, 184
127, 185
127, 186
127, 187
127, 188
127, 189
127, 190
127, 191
127, 192
127, 193
127, 194
127, 195
127, 196
127, 197
127, 198
127, 199
127, 200
127, 201
127, 202
127, 203
127, 204
127, 205
127, 206
127, 207
127, 208
127, 209
127, 210
127, 211
127, 212
127, 213
127, 214
127, 215
127, 216
127, 217
127, 218
127, 219
127, 220
127, 221
127, 222
127, 223
127, 224
127, 225
127, 226
127, 227
127, 228
127, 229
127, 230
127, 231
127, 232
127, 233
127, 234
127, 235
127, 236
127, 237
127, 238
127, 239
127, 240
127, 241
127, 242
127, 243
127, 244
127, 245
127, 246
127, 247
127, 248
127, 249
127, 250
127, 251
127, 252
127, 253
127, 254
127, 255
127, 256
127, 257
127, 258
127, 259
131, 151
131, 153
131, 154
131, 155
131, 156
131, 157
131, 158
131, 159
131, 160
131, 161
131, 162
131, 163
131, 164
131, 165
131, 166
131, 167
131, 168
131, 169
131, 170
131, 171
131, 172
131, 173
131, 174
131, 175
131, 176
131, 177
131, 178
131, 179
131, 180
131, 181
131, 182
131, 183
131, 184
131, 185
131, 186
131, 187
131, 188
131, 189
131, 190
131, 191
131, 192
131, 193
131, 194
131, 195
131, 196
131, 197
131, 198
131, 199
131, 200
131, 201
131, 202
131, 203
131, 204
131, 205
131, 206
131, 207
131, 208
131, 209
131, 210
131, 211
131, 212
131, 213
131, 214
131, 215
131, 216
131, 217
131, 218
131, 219
131, 220
131, 221
131, 222
131, 223
131, 224
131, 225
131, 226
131, 227
131, 228
131, 229
131, 230
131, 231
131, 232
131, 233
131, 234
131, 235
131, 236
131, 237
131, 238
131, 239
131, 240
131, 241
131, 242
131, 243
131, 244
131, 245
131, 246
131, 247
131, 248
131, 249
131, 250
131, 251
131, 252
131, 253
131, 254
131, 255
131, 256
131, 257
131, 258
131, 259
131, 260
131, 261
131, 262
131, 263
131, 264
131, 265
131, 266
131, 267
131, 268
131, 269
131, 270
131, 271
131, 272
131, 273
131, 274
131, 275
131, 277
131, 279
131, 281
132, 151
132, 153
132, 154
132, 155
132, 156
132, 157
132, 158
132, 159
132, 160
132, 161
132, 162
132, 163
132, 164
132, 165
132, 166
132, 167
132, 168
132, 169
132, 170
132, 171
132, 172
132, 173
132, 174
132, 175
132, 176
132, 177
132, 178
132, 179
132, 180
132, 181
132, 182
132, 183
132, 184
132, 185
132, 186
132, 187
132, 188
132, 189
132, 190
132, 191
132, 192
132, 193
132, 194
132, 195
132, 196
132, 197
132, 198
132, 199
132, 200
132, 201
132, 202
132, 203
132, 204
132, 205
132, 206
132, 207
132, 208
132, 209
132, 210
132, 211
132, 212
132, 213
132, 214
132, 215
132, 216
132, 217
132, 218
132, 219
132, 220
132, 221
132, 222
132, 223
132, 224
132, 225
132, 226
132, 227
132, 228
132, 229
132, 230
132, 231
132, 232
132, 233
132, 234
132, 235
132, 236
132, 237
132, 238
132, 239
132, 240
132, 241
132, 242
132, 243
132, 244
132, 245
132, 246
132, 247
132, 248
132, 249
132, 250
132, 251
132, 252
132, 253
132, 254
132, 255
132, 256
132, 257
132, 258
132, 259
132, 260
132, 261
132, 262
132, 263
132, 264
132, 265
132, 266
132, 267
132, 268
132, 269
132, 270
132, 271
132, 272
132, 273
132, 274
132, 275
132, 276
132, 277
132, 279
132, 281
136, 161
136, 163
136, 164
136, 165
136, 166
136, 167
136, 168
136, 169
136, 170
136, 171
136, 172
136, 173
136, 174
136, 175
136, 176
136, 177
136, 178
136, 179
136, 180
136, 181
136, 182
136, 183
136, 184
136, 185
136, 186
136, 187
136, 188
136, 189
136, 190
136, 191
136, 192
136, 193
136, 194
136, 195
136, 196
136, 197
136, 198
136, 199
136, 200
136, 201
136, 202
136, 203
136, 204
136, 205
136, 206
136, 207
136, 208
136, 209
136, 210
136, 211
136, 212
136, 213
136, 214
136, 215
136, 216
136, 217
136, 218
136, 219
136, 220
136, 221
136, 222
136, 223
136, 224
136, 225
136, 226
136, 227
136, 228
136, 229
136, 230
136, 231
136, 232
136, 233
136, 234
136, 235
136, 236
136, 237
136, 238
136, 239
136, 240
136, 241
136, 242
136, 243
136, 244
136, 245
136, 246
136, 247
136, 248
136, 249
136, 250
136, 251
136, 252
136, 253
136, 254
136, 255
136, 256
136, 257
136, 258
136, 259
136, 260
136, 261
136, 262
136, 263
136, 264
136, 265
136, 266
136, 267
136, 268
136, 269
136, 270
136, 271
136, 272
136, 273
136, 274
136, 275
136, 276
136, 277
136, 278
136, 279
136, 280
136, 281
136, 282
136, 283
136, 284
136, 285
136, 287
136, 289
136, 291
137, 161
137, 163
137, 164
137, 165
137, 166
137, 167
137, 168
137, 169
137, 170
137, 171
137, 172
137, 173
137, 174
137, 175
137, 176
137, 177
137, 178
137, 179
137, 180
137, 181
137, 182
137, 183
137, 184
137, 185
137, 186
137, 187
137, 188
137, 189
137, 190
137, 191
137, 192
137, 193
137, 194
137, 195
137, 196
137, 197
137, 198
137, 199
137, 200
137, 201
137, 202
137, 203
137, 204
137, 205
137, 206
137, 207
137, 208
137, 209
137, 210
137, 211
137, 212
137, 213
137, 214
137, 215
137, 216
137, 217
137, 218
137, 219
137, 220
137, 221
137, 222
137, 223
137, 224
137, 225
137, 226
137, 227
137, 228
137, 229
137, 230
137, 231
137, 232
137, 233
137, 234
137, 235
137, 236
137, 237
137, 238
137, 239
137, 240
137, 241
137, 242
137, 243
137, 244
137, 245
137, 246
137, 247
137, 248
137, 249
137, 250
137, 251
137, 252
137, 253
137, 254
137, 255
137, 256
137, 257
137, 258
137, 259
137, 260
137, 261
137, 262
137, 263
137, 264
137, 265
137, 266
137, 267
137, 268
137, 269
137, 270
137, 271
137, 272
137, 273
137, 274
137, 275
137, 276
137, 277
137, 278
137, 279
137, 280
137, 281
137, 282
137, 283
137, 284
137, 285
137, 286
137, 287
137, 289
137, 291
141, 171
141, 173
141, 174
141, 175
141, 176
141, 177
141, 178
141, 179
141, 180
141, 181
141, 182
141, 183
141, 184
141, 185
141, 186
141, 187
141, 188
141, 189
141, 190
141, 191
141, 192
141, 193
141, 194
141, 195
141, 196
141, 197
141, 198
141, 199
141, 200
141, 201
141, 202
141, 203
141, 204
141, 205
141, 206
141, 207
141, 208
141, 209
141, 210
141, 211
141, 212
141, 213
141, 214
141, 215
141, 216
141, 217
141, 218
141, 219
141, 220
141, 221
141, 222
141, 223
141, 224
141, 225
141, 226
141, 227
141, 228
141, 229
141, 230
141, 231
141, 232
141, 233
141, 234
141, 235
141, 236
141, 237
141, 238
141, 239
141, 240
141, 241
141, 242
141, 243
141, 244
141, 245
141, 246
141, 247
141, 248
141, 249
141, 250
141, 251
141, 252
141, 253
141, 254
141, 255
141, 256
141, 257
141, 258
141, 259
141, 260
141, 261
141, 262
141, 263
141, 264
141, 265
141, 266
141, 267
141, 268
141, 269
141, 270
141, 271
141, 272
141, 273
141, 274
141, 275
141, 276
141, 277
141, 278
141, 279
141, 280
141, 281
141, 282
141, 283
141, 284
141, 285
141, 286
141, 287
141, 288
141, 289
141, 290
141, 291
141, 292
141, 293
141, 294
141, 295
141, 297
141, 299
141, 301
142, 171
142, 173
142, 174
142, 175
142, 176
142, 177
142, 178
142, 179
142, 180
142, 181
142, 182
142, 183
142, 184
142, 185
142, 186
142, 187
142, 188
142, 189
142, 190
142, 191
142, 192
142, 193
142, 194
142, 195
142, 196
142, 197
142, 198
142, 199
142, 200
142, 201
142, 202
142, 203
142, 204
142, 205
142, 206
142, 207
142, 208
142, 209
142, 210
142, 211
142, 212
142, 213
142, 214
142, 215
142, 216
142, 217
142, 218
142, 219
142, 220
142, 221
142, 222
142, 223
142, 224
142, 225
142, 226
142, 227
142, 228
142, 229
142, 230
142, 231
142, 232
142, 233
142, 234
142, 235
142, 236
142, 237
142, 238
142, 239
142, 240
142, 241
142, 242
142, 243
142, 244
142, 245
142, 246
142, 247
142, 248
142, 249
142, 250
142, 251
142, 252
142, 253
142, 254
142, 255
142, 256
142, 257
142, 258
142, 259
142, 260
142, 261
142, 262
142, 263
142, 264
142, 265
142, 266
142, 267
142, 268
142, 269
142, 270
142, 271
142, 272
142, 273
142, 274
142, 275
142, 276
142, 277
142, 278
142, 279
142, 280
142, 281
142, 282
142, 283
142, 284
142, 285
142, 286
142, 287
142, 288
142, 289
142, 290
142, 291
142, 292
142, 293
142, 294
142, 295
142, 296
142, 297
142, 299
142, 301
146, 181
146, 183
146, 184
146, 185
146, 186
146, 187
146, 188
146, 189
146, 190
146, 191
146, 192
146, 193
146, 194
146, 195
146, 196
146, 197
146, 198
146, 199
146, 200
146, 201
146, 202
146, 203
146, 204
146, 205
146, 206
146, 207
146, 208
146, 209
146, 210
146, 211
146, 212
146, 213
146, 214
146, 215
146, 216
146, 217
146, 218
146, 219
146, 220
146, 221
146, 222
146, 223
146, 224
146, 225
146, 226
146, 227
146, 228
146, 229
146, 230
146, 231
146, 232
146, 233
146, 234
146, 235
146, 236
146, 237
146, 238
146, 239
146, 240
146, 241
146, 242
146, 243
146, 244
146, 245
146, 246
146, 247
146, 248
146, 249
146, 250
146, 251
146, 252
146, 253
146, 254
146, 255
146, 256
146, 257
146, 258
146, 259
146, 260
146, 261
146, 262
146, 263
146, 264
146, 265
146, 266
146, 267
146, 268
146, 269
146, 270
146, 271
146, 272
146, 273
146, 274
146, 275
146, 276
146, 277
146, 278
146, 279
146, 280
146, 281
146, 282
146, 283
146, 284
146, 285
146, 286
146, 287
146, 288
146, 289
146, 290
146, 291
146, 292
146, 293
146, 294
146, 295
146, 296
146, 297
146, 298
146, 299
146, 300
146, 301
146, 302
146, 303
146, 304
146, 305
146, 307
146, 309
146, 311
147, 181
147, 183
147, 184
147, 185
147, 186
147, 187
147, 188
147, 189
147, 190
147, 191
147, 192
147, 193
147, 194
147, 195
147, 196
147, 197
147, 198
147, 199
147, 200
147, 201
147, 202
147, 203
147, 204
147, 205
147, 206
147, 207
147, 208
147, 209
147, 210
147, 211
147, 212
147, 213
147, 214
147, 215
147, 216
147, 217
147, 218
147, 219
147, 220
147, 221
147, 222
147, 223
147, 224
147, 225
147, 226
147, 227
147, 228
147, 229
147, 230
147, 231
147, 232
147, 233
147, 234
147, 235
147, 236
147, 237
147, 238
147, 239
147, 240
147, 241
147, 242
147, 243
147, 244
147, 245
147, 246
147, 247
147, 248
147, 249
147, 250
147, 251
147, 252
147, 253
147, 254
147, 255
147, 256
147, 257
147, 258
147, 259
147, 260
147, 261
147, 262
147, 263
147, 264
147, 265
147, 266
147, 267
147, 268
147, 269
147, 270
147, 271
147, 272
147, 273
147, 274
147, 275
147, 276
147, 277
147, 278
147, 279
147, 280
147, 281
147, 282
147, 283
147, 284
147, 285
147, 286
147, 287
147, 288
147, 289
147, 290
147, 291
147, 292
147, 293
147, 294
147, 295
147, 296
147, 297
147, 298
147, 299
147, 300
147, 301
147, 302
147, 303
147, 304
147, 305
147, 306
147, 307
147, 309
147, 311
151, 191
151, 193
151, 194
151, 195
151, 196
151, 197
151, 198
151, 199
151, 200
151, 201
151, 202
151, 203
151, 204
151, 205
151, 206
151, 207
151, 208
151, 209
151, 210
151, 211
151, 212
151, 213
151, 214
151, 215
151, 216
151, 217
151, 218
151, 219
151, 220
151, 221
151, 222
151, 223
151, 224
151, 225
151, 226
151, 227
151, 228
151, 229
151, 230
151, 231
151, 232
151, 233
151, 234
151, 235
151, 236
151, 237
151, 238
151, 239
151, 240
151, 241
151, 242
151, 243
151, 244
151, 245
151, 246
151, 247
151, 248
151, 249
151, 250
151, 251
151, 252
151, 253
151, 254
151, 255
151, 256
151, 257
151, 258
151, 259
151, 260
151, 261
151, 262
151, 263
151, 264
151, 265
151, 266
151, 267
151, 268
151, 269
151, 270
151, 271
151, 272
151, 273
151, 274
151, 275
151, 276
151, 277
151, 278
151, 279
151, 280
151, 281
151, 282
151, 283
151, 284
151, 285
151, 286
151, 287
151, 288
151, 289
151, 290
151, 291
151, 292
151, 293
151, 294
151, 295
151, 296
151, 297
151, 298
151, 299
151, 300
151, 301
151, 302
151, 303
151, 304
151, 305
151, 306
151, 307
151, 308
151, 309
151, 310
151, 311
151, 312
151, 313
151, 314
151, 315
151, 317
151, 319
151, 321
152, 191
152, 193
152, 194
152, 195
152, 196
152, 197
152, 198
152, 199
152, 200
152, 201
152, 202
152, 203
152, 204
152, 205
152, 206
152, 207
152, 208
152, 209
152, 210
152, 211
152, 212
152, 213
152, 214
152, 215
152, 216
152, 217
152, 218
152, 219
152, 220
152, 221
152, 222
152, 223
152, 224
152, 225
152, 226
152, 227
152, 228
152, 229
152, 230
152, 231
152, 232
152, 233
152, 234
152, 235
152, 236
152, 237
152, 238
152, 239
152, 240
152, 241
152, 242
152, 243
152, 244
152, 245
152, 246
152, 247
152, 248
152, 249
152, 250
152, 251
152, 252
152, 253
152, 254
152, 255
152, 256
152, 257
152, 258
152, 259
152, 260
152, 261
152, 262
152, 263
152, 264
152, 265
152, 266
152, 267
152, 268
152, 269
152, 270
152, 271
152, 272
152, 273
152, 274
152, 275
152, 276
152, 277
152, 278
152, 279
152, 280
152, 281
152, 282
152, 283
152, 284
152, 285
152, 286
152, 287
152, 288
152, 289
152, 290
152, 291
152, 292
152, 293
152, 294
152, 295
152, 296
152, 297
152, 298
152, 299
152, 300
152, 301
152, 302
152, 303
152, 304
152, 305
152, 306
152, 307
152, 308
152, 309
152, 310
152, 311
152, 312
152, 313
152, 314
152, 315
152, 316
152, 317
152, 319
152, 321
156, 201
156, 203
156, 204
156, 205
156, 206
156, 207
156, 208
156, 209
156, 210
156, 211
156, 212
156, 213
156, 214
156, 215
156, 216
156, 217
156, 218
156, 219
156, 220
156, 221
156, 222
156, 223
156, 224
156, 225
156, 226
156, 227
156, 228
156, 229
156, 230
156, 231
156, 232
156, 233
156, 234
156, 235
156, 236
156, 237
156, 238
156, 239
156, 240
156, 241
156, 242
156, 243
156, 244
156, 245
156, 246
156, 247
156, 248
156, 249
156, 250
156, 251
156, 252
156, 253
156, 254
156, 255
156, 256
156, 257
156, 258
156, 259
156, 260
156, 261
156, 262
156, 263
156, 264
156, 265
156, 266
156, 267
156, 268
156, 269
156, 270
156, 271
156, 272
156, 273
156, 274
156, 275
156, 276
156, 277
156, 278
156, 279
156, 280
156, 281
156, 282
156, 283
156, 284
156, 285
156, 286
156, 287
156, 288
156, 289
156, 290
156, 291
156, 292
156, 293
156, 294
156, 295
156, 296
156, 297
156, 298
156, 299
156, 300
156, 301
156, 302
156, 303
156, 304
156, 305
156, 306
156, 307
156, 308
156, 309
156, 310
156, 311
156, 312
156, 313
156, 314
156, 315
156, 316
156, 317
156, 318
156, 319
156, 320
156, 321
156, 322
156, 323
156, 324
156, 325
156, 327
156, 329
156, 331
157, 201
157, 203
157, 204
157, 205
157, 206
157, 207
157, 208
157, 209
157, 210
157, 211
157, 212
157, 213
157, 214
157, 215
157, 216
157, 217
157, 218
157, 219
157, 220
157, 221
157, 222
157, 223
157, 224
157, 225
157, 226
157, 227
157, 228
157, 229
157, 230
157, 231
157, 232
157, 233
157, 234
157, 235
157, 236
157, 237
157, 238
157, 239
157, 240
157, 241
157, 242
157, 243
157, 244
157, 245
157, 246
157, 247
157, 248
157, 249
157, 250
157, 251
157, 252
157, 253
157, 254
157, 255
157, 256
157, 257
157, 258
157, 259
157, 260
157, 261
157, 262
157, 263
157, 264
157, 265
157, 266
157, 267
157, 268
157, 269
157, 270
157, 271
157, 272
157, 273
157, 274
157, 275
157, 276
157, 277
157, 278
157, 279
157, 280
157, 281
157, 282
157, 283
157, 284
157, 285
157, 286
157, 287
157, 288
157, 289
157, 290
157, 291
157, 292
157, 293
157, 294
157, 295
157, 296
157, 297
157, 298
157, 299
157, 300
157, 301
157, 302
157, 303
157, 304
157, 305
157, 306
157, 307
157, 308
157, 309
157, 310
157, 311
157, 312
157, 313
157, 314
157, 315
157, 316
157, 317
157, 318
157, 319
157, 320
157, 321
157, 322
157, 323
157, 324
157, 325
157, 326
157, 327
157, 329
157, 331
161, 211
161, 213
161, 214
161, 215
161, 216
161, 217
161, 218
161, 219
161, 220
161, 221
161, 222
161, 223
161, 224
161, 225
161, 226
161, 227
161, 228
161, 229
161, 230
161, 231
161, 232
161, 233
161, 234
161, 235
161, 236
161, 237
161, 238
161, 239
161, 240
161, 241
161, 242
161, 243
161, 244
161, 245
161, 246
161, 247
161, 248
161, 249
161, 250
161, 251
161, 252
161, 253
161, 254
161, 255
161, 256
161, 257
161, 258
161, 259
161, 260
161, 261
161, 262
161, 263
161, 264
161, 265
161, 266
161, 267
161, 268
161, 269
161, 270
161, 271
161, 272
161, 273
161, 274
161, 275
161, 276
161, 277
161, 278
161, 279
161, 280
161, 281
161, 282
161, 283
161, 284
161, 285
161, 286
161, 287
161, 288
161, 289
161, 290
161, 291
161, 292
161, 293
161, 294
161, 295
161, 296
161, 297
161, 298
161, 299
161, 300
161, 301
161, 302
161, 303
161, 304
161, 305
161, 306
161, 307
161, 308
161, 309
161, 310
161, 311
161, 312
161, 313
161, 314
161, 315
161, 316
161, 317
161, 318
161, 319
161, 320
161, 321
161, 322
161, 323
161, 324
161, 325
161, 326
161, 327
161, 328
161, 329
161, 330
161, 331
161, 332
161, 333
161, 334
161, 335
161, 337
161, 339
161, 341
162, 211
162, 213
162, 214
162, 215
162, 216
162, 217
162, 218
162, 219
162, 220
162, 221
162, 222
162, 223
162, 224
162, 225
162, 226
162, 227
162, 228
162, 229
162, 230
162, 231
162, 232
162, 233
162, 234
162, 235
162, 236
162, 237
162, 238
162, 239
162, 240
162, 241
162, 242
162, 243
162, 244
162, 245
162, 246
162, 247
162, 248
162, 249
162, 250
162, 251
162, 252
162, 253
162, 254
162, 255
162, 256
162, 257
162, 258
162, 259
162, 260
162, 261
162, 262
162, 263
162, 264
162, 265
162, 266
162, 267
162, 268
162, 269
162, 270
162, 271
162, 272
162, 273
162, 274
162, 275
162, 276
162, 277
162, 278
162, 279
162, 280
162, 281
162, 282
162, 283
162, 284
162, 285
162, 286
162, 287
162, 288
162, 289
162, 290
162, 291
162, 292
162, 293
162, 294
162, 295
162, 296
162, 297
162, 298
162, 299
162, 300
162, 301
162, 302
162, 303
162, 304
162, 305
162, 306
162, 307
162, 308
162, 309
162, 310
162, 311
162, 312
162, 313
162, 314
162, 315
162, 316
162, 317
162, 318
162, 319
162, 320
162, 321
162, 322
162, 323
162, 324
162, 325
162, 326
162, 327
162, 328
162, 329
162, 330
162, 331
162, 332
162, 333
162, 334
162, 335
162, 336
162, 337
162, 339
162, 341
166, 221
166, 223
166, 224
166, 225
166, 226
166, 227
166, 228
166, 229
166, 230
166, 231
166, 232
166, 233
166, 234
166, 235
166, 236
166, 237
166, 238
166, 239
166, 240
166, 241
166, 242
166, 243
166, 244
166, 245
166, 246
166, 247
166, 248
166, 249
166, 250
166, 251
166, 252
166, 253
166, 255
166, 257
166, 259
166, 261
166, 262
166, 263
166, 264
166, 265
166, 266
166, 267
166, 268
166, 269
166, 270
166, 271
166, 272
166, 273
166, 274
166, 275
166, 276
166, 277
166, 278
166, 279
166, 280
166, 281
166, 282
166, 283
166, 284
166, 285
166, 286
166, 287
166, 288
166, 289
166, 290
166, 291
166, 292
166, 293
166, 294
166, 295
166, 296
166, 297
166, 298
166, 299
166, 300
166, 301
166, 302
166, 303
166, 304
166, 305
166, 306
166, 307
166, 308
166, 309
166, 310
166, 311
166, 312
166, 313
166, 314
166, 315
166, 316
166, 317
166, 318
166, 319
166, 320
166, 321
166, 322
166, 323
166, 324
166, 325
166, 326
166, 327
166, 328
166, 329
166, 330
166, 331
166, 332
166, 333
166, 334
166, 335
166, 336
166, 337
166, 338
166, 339
166, 340
166, 341
166, 342
166, 343
166, 344
166, 345
166, 347
166, 349
166, 351
167, 221
167, 223
167, 224
167, 225
167, 226
167, 227
167, 228
167, 229
167, 230
167, 231
167, 232
167, 233
167, 234
167, 235
167, 236
167, 237
167, 238
167, 239
167, 240
167, 241
167, 242
167, 243
167, 244
167, 245
167, 246
167, 247
167, 248
167, 249
167, 250
167, 251
167, 252
167, 253
167, 255
167, 257
167, 259
167, 261
167, 262
167, 263
167, 264
167, 265
167, 266
167, 267
167, 268
167, 269
167, 270
167, 271
167, 272
167, 273
167, 274
167, 275
167, 276
167, 277
167, 278
167, 279
167, 280
167, 281
167, 282
167, 283
167, 284
167, 285
167, 286
167, 287
167, 288
167, 289
167, 290
167, 291
167, 292
167, 293
167, 294
167, 295
167, 296
167, 297
167, 298
167, 299
167, 300
167, 301
167, 302
167, 303
167, 304
167, 305
167, 306
167, 307
167, 308
167, 309
167, 310
167, 311
167, 312
167, 313
167, 314
167, 315
167, 316
167, 317
167, 318
167, 319
167, 320
167, 321
167, 322
167, 323
167, 324
167, 325
167, 326
167, 327
167, 328
167, 329
167, 330
167, 331
167, 332
167, 333
167, 334
167, 335
167, 336
167, 337
167, 338
167, 339
167, 340
167, 341
167, 342
167, 343
167, 344
167, 345
167, 346
167, 347
167, 349
167, 351
171, 285
171, 287
171, 288
171, 289
171, 290
171, 291
171, 292
171, 293
171, 294
171, 295
171, 296
171, 297
171, 298
171, 299
171, 300
171, 301
171, 302
171, 303
171, 304
171, 305
171, 306
171, 307
171, 308
171, 309
171, 310
171, 311
171, 312
171, 313
171, 314
171, 315
171, 316
171, 317
171, 318
171, 319
171, 320
171, 321
171, 322
171, 323
171, 324
171, 325
171, 326
171, 327
171, 328
171, 329
171, 330
171, 331
171, 332
171, 333
171, 334
171, 335
171, 336
171, 337
171, 338
171, 339
171, 340
171, 341
171, 342
171, 343
171, 344
171, 345
171, 346
171, 347
171, 348
171, 349
171, 350
171, 351
171, 352
171, 353
171, 354
171, 355
171, 357
171, 359
171, 361
172, 285
172, 287
172, 288
172, 289
172, 290
172, 291
172, 292
172, 293
172, 294
172, 295
172, 296
172, 297
172, 298
172, 299
172, 300
172, 301
172, 302
172, 303
172, 304
172, 305
172, 306
172, 307
172, 308
172, 309
172, 310
172, 311
172, 312
172, 313
172, 314
172, 315
172, 316
172, 317
172, 318
172, 319
172, 320
172, 321
172, 322
172, 323
172, 324
172, 325
172, 326
172, 327
172, 328
172, 329
172, 330
172, 331
172, 332
172, 333
172, 334
172, 335
172, 336
172, 337
172, 338
172, 339
172, 340
172, 341
172, 342
172, 343
172, 344
172, 345
172, 346
172, 347
172, 348
172, 349
172, 350
172, 351
172, 352
172, 353
172, 354
172, 355
172, 356
172, 357
172, 359
172, 361
176, 295
176, 296
176, 297
176, 298
176, 299
176, 300
176, 301
176, 302
176, 303
176, 304
176, 305
176, 306
176, 307
176, 308
176, 309
176, 310
176, 311
176, 312
176, 313
176, 314
176, 315
176, 316
176, 317
176, 318
176, 319
176, 320
176, 321
176, 322
176, 323
176, 324
176, 325
176, 326
176, 327
176, 328
176, 329
176, 330
176, 331
176, 332
176, 333
176, 334
176, 335
176, 336
176, 337
176, 338
176, 339
176, 340
176, 341
176, 342
176, 343
176, 344
176, 345
176, 346
176, 347
176, 348
176, 349
176, 350
176, 351
176, 352
176, 353
176, 354
176, 355
176, 356
176, 357
176, 358
176, 359
176, 360
176, 361
176, 362
176, 363
176, 364
176, 365
176, 367
176, 369
176, 371
177, 295
177, 296
177, 297
177, 298
177, 299
177, 300
177, 301
177, 302
177, 303
177, 304
177, 305
177, 306
177, 307
177, 308
177, 309
177, 310
177, 311
177, 312
177, 313
177, 314
177, 315
177, 316
177, 317
177, 318
177, 319
177, 320
177, 321
177, 322
177, 323
177, 324
177, 325
177, 326
177, 327
177, 328
177, 329
177, 330
177, 331
177, 332
177, 333
177, 334
177, 335
177, 336
177, 337
177, 338
177, 339
177, 340
177, 341
177, 342
177, 343
177, 344
177, 345
177, 346
177, 347
177, 348
177, 349
177, 350
177, 351
177, 352
177, 353
177, 354
177, 355
177, 356
177, 357
177, 358
177, 359
177, 360
177, 361
177, 362
177, 363
177, 364
177, 365
177, 366
177, 367
177, 369
177, 371
181, 305
181, 306
181, 307
181, 308
181, 309
181, 310
181, 311
181, 312
181, 313
181, 314
181, 315
181, 316
181, 317
181, 318
181, 319
181, 320
181, 321
181, 322
181, 323
181, 324
181, 325
181, 326
181, 327
181, 328
181, 329
181, 330
181, 331
181, 332
181, 333
181, 334
181, 335
181, 336
181, 337
181, 338
181, 339
181, 340
181, 341
181, 342
181, 343
181, 344
181, 345
181, 346
181, 347
181, 348
181, 349
181, 350
181, 351
181, 352
181, 353
181, 354
181, 355
181, 356
181, 357
181, 358
181, 359
181, 360
181, 361
181, 362
181, 363
181, 364
181, 365
181, 366
181, 367
181, 368
181, 369
181, 370
181, 371
181, 372
181, 373
181, 374
181, 375
181, 377
181, 379
181, 381
182, 305
182, 306
182, 307
182, 308
182, 309
182, 310
182, 311
182, 312
182, 313
182, 314
182, 315
182, 316
182, 317
182, 318
182, 319
182, 320
182, 321
182, 322
182, 323
182, 324
182, 325
182, 326
182, 327
182, 328
182, 329
182, 330
182, 331
182, 332
182, 333
182, 334
182, 335
182, 336
182, 337
182, 338
182, 339
182, 340
182, 341
182, 342
182, 343
182, 344
182, 345
182, 346
182, 347
182, 348
182, 349
182, 350
182, 351
182, 352
182, 353
182, 354
182, 355
182, 356
182, 357
182, 358
182, 359
182, 360
182, 361
182, 362
182, 363
182, 364
182, 365
182, 366
182, 367
182, 368
182, 369
182, 370
182, 371
182, 372
182, 373
182, 374
182, 375
182, 376
182, 377
182, 379
182, 381
186, 315
186, 316
186, 317
186, 318
186, 319
186, 320
186, 321
186, 322
186, 323
186, 324
186, 325
186, 326
186, 327
186, 328
186, 329
186, 330
186, 331
186, 332
186, 333
186, 334
186, 335
186, 336
186, 337
186, 338
186, 339
186, 340
186, 341
186, 342
186, 343
186, 344
186, 345
186, 346
186, 347
186, 348
186, 349
186, 350
186, 351
186, 352
186, 353
186, 354
186, 355
186, 356
186, 357
186, 358
186, 359
186, 360
186, 361
186, 362
186, 363
186, 364
186, 365
186, 366
186, 367
186, 368
186, 369
186, 370
186, 371
186, 372
186, 373
186, 374
186, 375
186, 376
186, 377
186, 378
186, 379
186, 380
186, 381
186, 382
186, 383
186, 384
186, 385
186, 387
186, 389
186, 391
187, 315
187, 316
187, 317
187, 318
187, 319
187, 320
187, 321
187, 322
187, 323
187, 324
187, 325
187, 326
187, 327
187, 328
187, 329
187, 330
187, 331
187, 332
187, 333
187, 334
187, 335
187, 336
187, 337
187, 338
187, 339
187, 340
187, 341
187, 342
187, 343
187, 344
187, 345
187, 346
187, 347
187, 348
187, 349
187, 350
187, 351
187, 352
187, 353
187, 354
187, 355
187, 356
187, 357
187, 358
187, 359
187, 360
187, 361
187, 362
187, 363
187, 364
187, 365
187, 366
187, 367
187, 368
187, 369
187, 370
187, 371
187, 372
187, 373
187, 374
187, 375
187, 376
187, 377
187, 378
187, 379
187, 380
187, 381
187, 382
187, 383
187, 384
187, 385
187, 386
187, 387
187, 389
187, 391
191, 325
191, 326
191, 327
191, 328
191, 329
191, 330
191, 331
191, 332
191, 333
191, 334
191, 335
191, 336
191, 337
191, 338
191, 339
191, 340
191, 341
191, 342
191, 343
191, 344
191, 345
191, 346
191, 347
191, 348
191, 349
191, 350
191, 351
191, 352
191, 353
191, 354
191, 355
191, 356
191, 357
191, 358
191, 359
191, 360
191, 361
191, 362
191, 363
191, 364
191, 365
191, 366
191, 367
191, 368
191, 369
191, 370
191, 371
191, 372
191, 373
191, 374
191, 375
191, 376
191, 377
191, 378
191, 379
191, 380
191, 381
191, 382
191, 383
191, 384
191, 385
191, 386
191, 387
191, 388
191, 389
191, 390
191, 391
191, 392
191, 393
191, 394
191, 395
191, 397
191, 399
192, 325
192, 326
192, 327
192, 328
192, 329
192, 330
192, 331
192, 332
192, 333
192, 334
192, 335
192, 336
192, 337
192, 338
192, 339
192, 340
192, 341
192, 342
192, 343
192, 344
192, 345
192, 346
192, 347
192, 348
192, 349
192, 350
192, 351
192, 352
192, 353
192, 354
192, 355
192, 356
192, 357
192, 358
192, 359
192, 360
192, 361
192, 362
192, 363
192, 364
192, 365
192, 366
192, 367
192, 368
192, 369
192, 370
192, 371
192, 372
192, 373
192, 374
192, 375
192, 376
192, 377
192, 378
192, 379
192, 380
192, 381
192, 382
192, 383
192, 384
192, 385
192, 386
192, 387
192, 388
192, 389
192, 390
192, 391
192, 392
192, 393
192, 394
192, 395
192, 396
192, 397
192, 399
196, 335
196, 336
196, 337
196, 338
196, 339
196, 340
196, 341
196, 342
196, 343
196, 344
196, 345
196, 346
196, 347
196, 348
196, 349
196, 350
196, 351
196, 352
196, 353
196, 354
196, 355
196, 356
196, 357
196, 358
196, 359
196, 360
196, 361
196, 362
196, 363
196, 364
196, 365
196, 366
196, 367
196, 368
196, 369
196, 370
196, 371
196, 372
196, 373
196, 374
196, 375
196, 376
196, 377
196, 378
196, 379
196, 380
196, 381
196, 382
196, 383
196, 384
196, 385
196, 386
196, 387
196, 388
196, 389
196, 390
196, 391
196, 392
196, 393
196, 394
196, 395
196, 396
196, 397
196, 398
196, 399
197, 335
197, 336
197, 337
197, 338
197, 339
197, 340
197, 341
197, 342
197, 343
197, 344
197, 345
197, 346
197, 347
197, 348
197, 349
197, 350
197, 351
197, 352
197, 353
197, 354
197, 355
197, 356
197, 357
197, 358
197, 359
197, 360
197, 361
197, 362
197, 363
197, 364
197, 365
197, 366
197, 367
197, 368
197, 369
197, 370
197, 371
197, 372
197, 373
197, 374
197, 375
197, 376
197, 377
197, 378
197, 379
197, 380
197, 381
197, 382
197, 383
197, 384
197, 385
197, 386
197, 387
197, 388
197, 389
197, 390
197, 391
197, 392
197, 393
197, 394
197, 395
197, 396
197, 397
197, 398
197, 399
201, 345
201, 346
201, 347
201, 348
201, 349
201, 350
201, 351
201, 352
201, 353
201, 354
201, 355
201, 356
201, 357
201, 358
201, 359
201, 360
201, 361
201, 362
201, 363
201, 364
201, 365
201, 366
201, 367
201, 368
201, 369
201, 370
201, 371
201, 372
201, 373
201, 374
201, 375
201, 376
201, 377
201, 378
201, 379
201, 380
201, 381
201, 382
201, 383
201, 384
201, 385
201, 386
201, 387
201, 388
201, 389
201, 390
201, 391
201, 392
201, 393
201, 394
201, 395
201, 396
201, 397
201, 398
201, 399
202, 345
202, 346
202, 347
202, 348
202, 349
202, 350
202, 351
202, 352
202, 353
202, 354
202, 355
202, 356
202, 357
202, 358
202, 359
202, 360
202, 361
202, 362
202, 363
202, 364
202, 365
202, 366
202, 367
202, 368
202, 369
202, 370
202, 371
202, 372
202, 373
202, 374
202, 375
202, 376
202, 377
202, 378
202, 379
202, 380
202, 381
202, 382
202, 383
202, 384
202, 385
202, 386
202, 387
202, 388
202, 389
202, 390
202, 391
202, 392
202, 393
202, 394
202, 395
202, 396
202, 397
202, 398
202, 399
206, 221
206, 355
206, 356
206, 357
206, 358
206, 359
206, 360
206, 361
206, 362
206, 363
206, 364
206, 365
206, 366
206, 367
206, 368
206, 369
206, 370
206, 371
206, 372
206, 373
206, 374
206, 375
206, 376
206, 377
206, 378
206, 379
206, 380
206, 381
206, 382
206, 383
206, 384
206, 385
206, 386
206, 387
206, 388
206, 389
206, 390
206, 391
206, 392
206, 393
206, 394
206, 395
206, 396
206, 397
206, 398
206, 399
207, 221
207, 355
207, 356
207, 357
207, 358
207, 359
207, 360
207, 361
207, 362
207, 363
207, 364
207, 365
207, 366
207, 367
207, 368
207, 369
207, 370
207, 371
207, 372
207, 373
207, 374
207, 375
207, 376
207, 377
207, 378
207, 379
207, 380
207, 381
207, 382
207, 383
207, 384
207, 385
207, 386
207, 387
207, 388
207, 389
207, 390
207, 391
207, 392
207, 393
207, 394
207, 395
207, 396
207, 397
207, 398
207, 399
211, 225
211, 227
211, 229
211, 231
211, 232
211, 233
211, 234
211, 235
211, 236
211, 237
211, 238
211, 239
211, 240
211, 241
211, 242
211, 243
211, 244
211, 245
211, 246
211, 247
211, 248
211, 249
211, 250
211, 251
211, 252
211, 253
211, 254
211, 255
211, 256
211, 257
211, 258
211, 259
211, 260
211, 261
211, 262
211, 263
211, 264
211, 265
211, 266
211, 267
211, 268
211, 269
211, 271
211, 273
211, 365
211, 366
211, 367
211, 368
211, 369
211, 370
211, 371
211, 372
211, 373
211, 374
211, 375
211, 376
211, 377
211, 378
211, 379
211, 380
211, 381
211, 382
211, 383
211, 384
211, 385
211, 386
211, 387
211, 388
211, 389
211, 390
211, 391
211, 392
211, 393
211, 394
211, 395
211, 396
211, 397
211, 398
211, 399
212, 227
212, 229
212, 231
212, 232
212, 233
212, 234
212, 235
212, 236
212, 237
212, 238
212, 239
212, 240
212, 241
212, 242
212, 243
212, 244
212, 245
212, 246
212, 247
212, 248
212, 249
212, 250
212, 251
212, 252
212, 253
212, 254
212, 255
212, 256
212, 257
212, 258
212, 259
212, 260
212, 261
212, 262
212, 263
212, 264
212, 265
212, 266
212, 267
212, 268
212, 269
212, 271
212, 273
212, 365
212, 366
212, 367
212, 368
212, 369
212, 370
212, 371
212, 372
212, 373
212, 374
212, 375
212, 376
212, 377
212, 378
212, 379
212, 380
212, 381
212, 382
212, 383
212, 384
212, 385
212, 386
212, 387
212, 388
212, 389
212, 390
212, 391
212, 392
212, 393
212, 394
212, 395
212, 396
212, 397
212, 398
212, 399
216, 231
216, 233
216, 235
216, 236
216, 237
216, 238
216, 239
216, 240
216, 241
216, 242
216, 243
216, 244
216, 245
216, 246
216, 247
216, 248
216, 249
216, 250
216, 251
216, 252
216, 253
216, 254
216, 255
216, 256
216, 257
216, 258
216, 259
216, 260
216, 261
216, 262
216, 263
216, 264
216, 265
216, 266
216, 267
216, 268
216, 269
216, 270
216, 271
216, 272
216, 273
216, 275
216, 277
216, 375
216, 376
216, 377
216, 378
216, 379
216, 380
216, 381
216, 382
216, 383
216, 384
216, 385
216, 386
216, 387
216, 388
216, 389
216, 390
216, 391
216, 392
216, 393
216, 394
216, 395
216, 396
216, 397
216, 398
216, 399
217, 231
217, 233
217, 235
217, 236
217, 237
217, 238
217, 239
217, 240
217, 241
217, 242
217, 243
217, 244
217, 245
217, 246
217, 247
217, 248
217, 249
217, 250
217, 251
217, 252
217, 253
217, 254
217, 255
217, 256
217, 257
217, 258
217, 259
217, 260
217, 261
217, 262
217, 263
217, 264
217, 265
217, 266
217, 267
217, 268
217, 269
217, 270
217, 271
217, 272
217, 273
217, 275
217, 277
217, 375
217, 376
217, 377
217, 378
217, 379
217, 380
217, 381
217, 382
217, 383
217, 384
217, 385
217, 386
217, 387
217, 388
217, 389
217, 390
217, 391
217, 392
217, 393
217, 394
217, 395
217, 396
217, 397
217, 398
217, 399
221, 235
221, 237
221, 239
221, 241
221, 242
221, 243
221, 244
221, 245
221, 246
221, 247
221, 248
221, 249
221, 250
221, 251
221, 252
221, 253
221, 254
221, 255
221, 256
221, 257
221, 258
221, 259
221, 260
221, 261
221, 262
221, 263
221, 264
221, 265
221, 266
221, 267
221, 268
221, 269
221, 270
221, 271
221, 272
221, 273
221, 274
221, 275
221, 276
221, 277
221, 278
221, 279
221, 281
221, 283
221, 385
221, 386
221, 387
221, 388
221, 389
221, 390
221, 391
221, 392
221, 393
221, 394
221, 395
221, 396
221, 397
221, 398
221, 399
222, 237
222, 239
222, 241
222, 242
222, 243
222, 244
222, 245
222, 246
222, 247
222, 248
222, 249
222, 250
222, 251
222, 252
222, 253
222, 254
222, 255
222, 256
222, 257
222, 258
222, 259
222, 260
222, 261
222, 262
222, 263
222, 264
222, 265
222, 266
222, 267
222, 268
222, 269
222, 270
222, 271
222, 272
222, 273
222, 274
222, 275
222, 276
222, 277
222, 278
222, 279
222, 281
222, 283
222, 385
222, 386
222, 387
222, 388
222, 389
222, 390
222, 391
222, 392
222, 393
222, 394
222, 395
222, 396
222, 397
222, 398
222, 399
226, 239
226, 241
226, 243
226, 245
226, 246
226, 247
226, 248
226, 249
226, 250
226, 251
226, 252
226, 253
226, 254
226, 255
226, 256
226, 257
226, 258
226, 259
226, 260
226, 261
226, 262
226, 263
226, 264
226, 265
226, 266
226, 267
226, 268
226, 269
226, 270
226, 271
226, 272
226, 273
226, 274
226, 275
226, 276
226, 277
226, 278
226, 279
226, 280
226, 281
226, 282
226, 283
226, 285
226, 287
226, 395
226, 396
226, 397
226, 398
226, 399
227, 241
227, 243
227, 245
227, 246
227, 247
227, 248
227, 249
227, 250
227, 251
227, 252
227, 253
227, 254
227, 255
227, 256
227, 257
227, 258
227, 259
227, 260
227, 261
227, 262
227, 263
227, 264
227, 265
227, 266
227, 267
227, 268
227, 269
227, 270
227, 271
227, 272
227, 273
227, 274
227, 275
227, 276
227, 277
227, 278
227, 279
227, 280
227, 281
227, 282
227, 283
227, 285
227, 287
227, 395
227, 396
227, 397
227, 398
227, 399
231, 234
231, 235
231, 236
231, 237
231, 238
231, 239
231, 240
231, 241
231, 242
231, 243
231, 244
231, 245
231, 246
231, 247
231, 248
231, 249
231, 250
231, 251
231, 252
231, 253
231, 254
231, 255
231, 256
231, 257
231, 258
231, 259
231, 260
231, 261
231, 262
231, 263
231, 264
231, 265
231, 266
231, 267
231, 268
231, 269
231, 270
231, 271
231, 272
231, 273
231, 274
231, 275
231, 276
231, 277
231, 278
231, 279
231, 280
231, 281
231, 282
231, 283
231, 284
231, 285
231, 286
231, 287
231, 288
231, 289
231, 290
231, 291
231, 292
231, 293
231, 294
231, 295
231, 296
231, 297
231, 299
231, 301
232, 235
232, 236
232, 237
232, 238
232, 239
232, 240
232, 241
232, 242
232, 243
232, 244
232, 245
232, 246
232, 247
232, 248
232, 249
232, 250
232, 251
232, 252
232, 253
232, 254
232, 255
232, 256
232, 257
232, 258
232, 259
232, 260
232, 261
232, 262
232, 263
232, 264
232, 265
232, 266
232, 267
232, 268
232, 269
232, 270
232, 271
232, 272
232, 273
232, 274
232, 275
232, 276
232, 277
232, 278
232, 279
232, 280
232, 281
232, 282
232, 283
232, 284
232, 285
232, 286
232, 287
232, 288
232, 289
232, 290
232, 291
232, 292
232, 293
232, 294
232, 295
232, 296
232, 297
232, 299
232, 301
236, 239
236, 240
236, 241
236, 242
236, 243
236, 244
236, 245
236, 246
236, 247
236, 248
236, 249
236, 250
236, 251
236, 252
236, 253
236, 254
236, 255
236, 256
236, 257
236, 258
236, 259
236, 260
236, 261
236, 262
236, 263
236, 264
236, 265
236, 266
236, 267
236, 268
236, 269
236, 270
236, 271
236, 272
236, 273
236, 274
236, 275
236, 276
236, 277
236, 278
236, 279
236, 280
236, 281
236, 282
236, 283
236, 284
236, 285
236, 286
236, 287
236, 288
236, 289
236, 290
236, 291
236, 292
236, 293
236, 294
236, 295
236, 296
236, 297
236, 298
236, 299
236, 300
236, 301
236, 302
236, 303
236, 304
236, 305
236, 307
236, 309
237, 240
237, 241
237, 242
237, 243
237, 244
237, 245
237, 246
237, 247
237, 248
237, 249
237, 250
237, 251
237, 252
237, 253
237, 254
237, 255
237, 256
237, 257
237, 258
237, 259
237, 260
237, 261
237, 262
237, 263
237, 264
237, 265
237, 266
237, 267
237, 268
237, 269
237, 270
237, 271
237, 272
237, 273
237, 274
237, 275
237, 276
237, 277
237, 278
237, 279
237, 280
237, 281
237, 282
237, 283
237, 284
237, 285
237, 286
237, 287
237, 288
237, 289
237, 290
237, 291
237, 292
237, 293
237, 294
237, 295
237, 296
237, 297
237, 298
237, 299
237, 300
237, 301
237, 302
237, 303
237, 304
237, 305
237, 307
237, 309
241, 244
241, 245
241, 246
241, 247
241, 248
241, 249
241, 250
241, 251
241, 252
241, 253
241, 254
241, 255
241, 256
241, 257
241, 258
241, 259
241, 260
241, 261
241, 262
241, 263
241, 264
241, 265
241, 266
241, 267
241, 268
241, 269
241, 270
241, 271
241, 272
241, 273
241, 274
241, 275
241, 276
241, 277
241, 278
241, 279
241, 280
241, 281
241, 282
241, 283
241, 284
241, 285
241, 286
241, 287
241, 288
241, 289
241, 290
241, 291
241, 292
241, 293
241, 294
241, 295
241, 296
241, 297
241, 298
241, 299
241, 300
241, 301
241, 302
241, 303
241, 304
241, 305
241, 306
241, 307
241, 308
241, 309
241, 310
241, 311
241, 312
241, 313
241, 314
241, 315
241, 317
241, 319
242, 245
242, 246
242, 247
242, 248
242, 249
242, 250
242, 251
242, 252
242, 253
242, 254
242, 255
242, 256
242, 257
242, 258
242, 259
242, 260
242, 261
242, 262
242, 263
242, 264
242, 265
242, 266
242, 267
242, 268
242, 269
242, 270
242, 271
242, 272
242, 273
242, 274
242, 275
242, 276
242, 277
242, 278
242, 279
242, 280
242, 281
242, 282
242, 283
242, 284
242, 285
242, 286
242, 287
242, 288
242, 289
242, 290
242, 291
242, 292
242, 293
242, 294
242, 295
242, 296
242, 297
242, 298
242, 299
242, 300
242, 301
242, 302
242, 303
242, 304
242, 305
242, 306
242, 307
242, 308
242, 309
242, 310
242, 311
242, 312
242, 313
242, 314
242, 315
242, 317
242, 319
246, 249
246, 250
246, 251
246, 252
246, 253
246, 254
246, 255
246, 256
246, 257
246, 258
246, 259
246, 260
246, 261
246, 262
246, 263
246, 264
246, 265
246, 266
246, 267
246, 268
246, 269
246, 270
246, 271
246, 272
246, 273
246, 274
246, 275
246, 276
246, 277
246, 278
246, 279
246, 280
246, 281
246, 282
246, 283
246, 284
246, 285
246, 286
246, 287
246, 288
246, 289
246, 290
246, 291
246, 292
246, 293
246, 294
246, 295
246, 296
246, 297
246, 298
246, 299
246, 300
246, 301
246, 302
246, 303
246, 304
246, 305
246, 306
246, 307
246, 308
246, 309
246, 310
246, 311
246, 312
246, 313
246, 314
246, 315
246, 316
246, 317
246, 318
246, 319
246, 320
246, 321
246, 322
246, 323
246, 324
246, 325
246, 327
246, 329
247, 250
247, 251
247, 252
247, 253
247, 254
247, 255
247, 256
247, 257
247, 258
247, 259
247, 260
247, 261
247, 262
247, 263
247, 264
247, 265
247, 266
247, 267
247, 268
247, 269
247, 270
247, 271
247, 272
247, 273
247, 274
247, 275
247, 276
247, 277
247, 278
247, 279
247, 280
247, 281
247, 282
247, 283
247, 284
247, 285
247, 286
247, 287
247, 288
247, 289
247, 290
247, 291
247, 292
247, 293
247, 294
247, 295
247, 296
247, 297
247, 298
247, 299
247, 300
247, 301
247, 302
247, 303
247, 304
247, 305
247, 306
247, 307
247, 308
247, 309
247, 310
247, 311
247, 312
247, 313
247, 314
247, 315
247, 316
247, 317
247, 318
247, 319
247, 320
247, 321
247, 322
247, 323
247, 324
247, 325
247, 327
247, 329
251, 259
251, 261
251, 262
251, 263
251, 264
251, 265
251, 266
251, 267
251, 268
251, 269
251, 270
251, 271
251, 272
251, 273
251, 274
251, 275
251, 276
251, 277
251, 278
251, 279
251, 280
251, 281
251, 282
251, 283
251, 284
251, 285
251, 286
251, 287
251, 288
251, 289
251, 290
251, 291
251, 292
251, 293
251, 294
251, 295
251, 296
251, 297
251, 298
251, 299
251, 300
251, 301
251, 302
251, 303
251, 304
251, 305
251, 306
251, 307
251, 308
251, 309
251, 310
251, 311
251, 312
251, 313
251, 314
251, 315
251, 316
251, 317
251, 318
251, 319
251, 320
251, 321
251, 322
251, 323
251, 324
251, 325
251, 326
251, 327
251, 328
251, 329
251, 330
251, 331
251, 332
251, 333
251, 334
251, 335
251, 337
251, 339
252, 260
252, 261
252, 262
252, 263
252, 264
252, 265
252, 266
252, 267
252, 268
252, 269
252, 270
252, 271
252, 272
252, 273
252, 274
252, 275
252, 276
252, 277
252, 278
252, 279
252, 280
252, 281
252, 282
252, 283
252, 284
252, 285
252, 286
252, 287
252, 288
252, 289
252, 290
252, 291
252, 292
252, 293
252, 294
252, 295
252, 296
252, 297
252, 298
252, 299
252, 300
252, 301
252, 302
252, 303
252, 304
252, 305
252, 306
252, 307
252, 308
252, 309
252, 310
252, 311
252, 312
252, 313
252, 314
252, 315
252, 316
252, 317
252, 318
252, 319
252, 320
252, 321
252, 322
252, 323
252, 324
252, 325
252, 326
252, 327
252, 328
252, 329
252, 330
252, 331
252, 332
252, 333
252, 334
252, 335
252, 337
252, 339
256, 264
256, 265
256, 266
256, 267
256, 268
256, 269
256, 270
256, 271
256, 272
256, 273
256, 274
256, 275
256, 276
256, 277
256, 278
256, 279
256, 280
256, 281
256, 282
256, 283
256, 284
256, 285
256, 286
256, 287
256, 288
256, 289
256, 290
256, 291
256, 292
256, 293
256, 294
256, 295
256, 296
256, 297
256, 298
256, 299
256, 300
256, 301
256, 302
256, 303
256, 304
256, 305
256, 306
256, 307
256, 308
256, 309
256, 310
256, 311
256, 312
256, 313
256, 314
256, 315
256, 316
256, 317
256, 318
256, 319
256, 320
256, 321
256, 322
256, 323
256, 324
256, 325
256, 326
256, 327
256, 328
256, 329
256, 330
256, 331
256, 332
256, 333
256, 334
256, 335
256, 336
256, 337
256, 338
256, 339
256, 340
256, 341
256, 342
256, 343
256, 344
256, 345
256, 347
256, 349
257, 265
257, 266
257, 267
257, 268
257, 269
257, 270
257, 271
257, 272
257, 273
257, 274
257, 275
257, 276
257, 277
257, 278
257, 279
257, 280
257, 281
257, 282
257, 283
257, 284
257, 285
257, 286
257, 287
257, 288
257, 289
257, 290
257, 291
257, 292
257, 293
257, 294
257, 295
257, 296
257, 297
257, 298
257, 299
257, 300
257, 301
257, 302
257, 303
257, 304
257, 305
257, 306
257, 307
257, 308
257, 309
257, 310
257, 311
257, 312
257, 313
257, 314
257, 315
257, 316
257, 317
257, 318
257, 319
257, 320
257, 321
257, 322
257, 323
257, 324
257, 325
257, 326
257, 327
257, 328
257, 329
257, 330
257, 331
257, 332
257, 333
257, 334
257, 335
257, 336
257, 337
257, 338
257, 339
257, 340
257, 341
257, 342
257, 343
257, 344
257, 345
257, 347
257, 349
261, 269
261, 271
261, 272
261, 273
261, 274
261, 275
261, 276
261, 277
261, 278
261, 279
261, 280
261, 281
261, 282
261, 283
261, 284
261, 285
261, 286
261, 287
261, 288
261, 289
261, 290
261, 291
261, 292
261, 293
261, 294
261, 295
261, 296
261, 297
261, 298
261, 299
261, 300
261, 301
261, 302
261, 303
261, 304
261, 305
261, 306
261, 307
261, 308
261, 309
261, 310
261, 311
261, 312
261, 313
261, 314
261, 315
261, 316
261, 317
261, 318
261, 319
261, 320
261, 321
261, 322
261, 323
261, 324
261, 325
261, 326
261, 327
261, 328
261, 329
261, 330
261, 331
261, 332
261, 333
261, 334
261, 335
261, 336
261, 337
261, 338
261, 339
261, 340
261, 341
261, 342
261, 343
261, 344
261, 345
261, 346
261, 347
261, 348
261, 349
261, 350
261, 351
261, 352
261, 353
261, 354
261, 355
261, 357
261, 359
262, 270
262, 271
262, 272
262, 273
262, 274
262, 275
262, 276
262, 277
262, 278
262, 279
262, 280
262, 281
262, 282
262, 283
262, 284
262, 285
262, 286
262, 287
262, 288
262, 289
262, 290
262, 291
262, 292
262, 293
262, 294
262, 295
262, 296
262, 297
262, 298
262, 299
262, 300
262, 301
262, 302
262, 303
262, 304
262, 305
262, 306
262, 307
262, 308
262, 309
262, 310
262, 311
262, 312
262, 313
262, 314
262, 315
262, 316
262, 317
262, 318
262, 319
262, 320
262, 321
262, 322
262, 323
262, 324
262, 325
262, 326
262, 327
262, 328
262, 329
262, 330
262, 331
262, 332
262, 333
262, 334
262, 335
262, 336
262, 337
262, 338
262, 339
262, 340
262, 341
262, 342
262, 343
262, 344
262, 345
262, 346
262, 347
262, 348
262, 349
262, 350
262, 351
262, 352
262, 353
262, 354
262, 355
262, 357
262, 359
266, 274
266, 275
266, 276
266, 277
266, 278
266, 279
266, 280
266, 281
266, 282
266, 283
266, 284
266, 285
266, 286
266, 287
266, 288
266, 289
266, 290
266, 291
266, 292
266, 293
266, 294
266, 295
266, 296
266, 297
266, 298
266, 299
266, 300
266, 301
266, 302
266, 303
266, 304
266, 305
266, 306
266, 307
266, 308
266, 309
266, 310
266, 311
266, 312
266, 313
266, 314
266, 315
266, 316
266, 317
266, 318
266, 319
266, 320
266, 321
266, 322
266, 323
266, 324
266, 325
266, 326
266, 327
266, 328
266, 329
266, 330
266, 331
266, 332
266, 333
266, 334
266, 335
266, 336
266, 337
266, 338
266, 339
266, 340
266, 341
266, 342
266, 343
266, 344
266, 345
266, 346
266, 347
266, 348
266, 349
266, 350
266, 351
266, 352
266, 353
266, 354
266, 355
266, 356
266, 357
266, 358
266, 359
266, 360
266, 361
266, 362
266, 363
266, 364
266, 365
266, 367
266, 369
267, 275
267, 276
267, 277
267, 278
267, 279
267, 280
267, 281
267, 282
267, 283
267, 284
267, 285
267, 286
267, 287
267, 288
267, 289
267, 290
267, 291
267, 292
267, 293
267, 294
267, 295
267, 296
267, 297
267, 298
267, 299
267, 300
267, 301
267, 302
267, 303
267, 304
267, 305
267, 306
267, 307
267, 308
267, 309
267, 310
267, 311
267, 312
267, 313
267, 314
267, 315
267, 316
267, 317
267, 318
267, 319
267, 320
267, 321
267, 322
267, 323
267, 324
267, 325
267, 326
267, 327
267, 328
267, 329
267, 330
267, 331
267, 332
267, 333
267, 334
267, 335
267, 336
267, 337
267, 338
267, 339
267, 340
267, 341
267, 342
267, 343
267, 344
267, 345
267, 346
267, 347
267, 348
267, 349
267, 350
267, 351
267, 352
267, 353
267, 354
267, 355
267, 356
267, 357
267, 358
267, 359
267, 360
267, 361
267, 362
267, 363
267, 364
267, 365
267, 367
267, 369
271, 281
271, 283
271, 284
271, 285
271, 286
271, 287
271, 288
271, 289
271, 290
271, 291
271, 292
271, 293
271, 294
271, 295
271, 296
271, 297
271, 298
271, 299
271, 300
271, 301
271, 302
271, 303
271, 304
271, 305
271, 306
271, 307
271, 308
271, 309
271, 310
271, 311
271, 312
271, 313
271, 314
271, 315
271, 316
271, 317
271, 318
271, 319
271, 320
271, 321
271, 322
271, 323
271, 324
271, 325
271, 326
271, 327
271, 328
271, 329
271, 330
271, 331
271, 332
271, 333
271, 334
271, 335
271, 336
271, 337
271, 338
271, 339
271, 340
271, 341
271, 342
271, 343
271, 344
271, 345
271, 346
271, 347
271, 348
271, 349
271, 350
271, 351
271, 352
271, 353
271, 354
271, 355
271, 356
271, 357
271, 358
271, 359
271, 360
271, 361
271, 362
271, 363
271, 364
271, 365
271, 366
271, 367
271, 368
271, 369
271, 370
271, 371
271, 372
271, 373
271, 374
271, 375
271, 377
271, 379
272, 281
272, 283
272, 284
272, 285
272, 286
272, 287
272, 288
272, 289
272, 290
272, 291
272, 292
272, 293
272, 294
272, 295
272, 296
272, 297
272, 298
272, 299
272, 300
272, 301
272, 302
272, 303
272, 304
272, 305
272, 306
272, 307
272, 308
272, 309
272, 310
272, 311
272, 312
272, 313
272, 314
272, 315
272, 316
272, 317
272, 318
272, 319
272, 320
272, 321
272, 322
272, 323
272, 324
272, 325
272, 326
272, 327
272, 328
272, 329
272, 330
272, 331
272, 332
272, 333
272, 334
272, 335
272, 336
272, 337
272, 338
272, 339
272, 340
272, 341
272, 342
272, 343
272, 344
272, 345
272, 346
272, 347
272, 348
272, 349
272, 350
272, 351
272, 352
272, 353
272, 354
272, 355
272, 356
272, 357
272, 358
272, 359
272, 360
272, 361
272, 362
272, 363
272, 364
272, 365
272, 366
272, 367
272, 368
272, 369
272, 370
272, 371
272, 372
272, 373
272, 374
272, 375
272, 377
272, 379
276, 285
276, 287
276, 288
276, 289
276, 290
276, 291
276, 292
276, 293
276, 294
276, 295
276, 296
276, 297
276, 298
276, 299
276, 300
276, 301
276, 302
276, 303
276, 304
276, 305
276, 306
276, 307
276, 308
276, 309
276, 310
276, 311
276, 312
276, 313
276, 314
276, 315
276, 316
276, 317
276, 318
276, 319
276, 320
276, 321
276, 322
276, 323
276, 324
276, 325
276, 326
276, 327
276, 328
276, 329
276, 330
276, 331
276, 332
276, 333
276, 334
276, 335
276, 336
276, 337
276, 338
276, 339
276, 340
276, 341
276, 342
276, 343
276, 344
276, 345
276, 346
276, 347
276, 348
276, 349
276, 350
276, 351
276, 352
276, 353
276, 354
276, 355
276, 356
276, 357
276, 358
276, 359
276, 360
276, 361
276, 362
276, 363
276, 364
276, 365
276, 366
276, 367
276, 368
276, 369
276, 370
276, 371
276, 372
276, 373
276, 374
276, 375
276, 376
276, 377
276, 378
276, 379
276, 380
276, 381
276, 382
276, 383
276, 384
276, 385
276, 387
276, 389
277, 286
277, 287
277, 288
277, 289
277, 290
277, 291
277, 292
277, 293
277, 294
277, 295
277, 296
277, 297
277, 298
277, 299
277, 300
277, 301
277, 302
277, 303
277, 304
277, 305
277, 306
277, 307
277, 308
277, 309
277, 310
277, 311
277, 312
277, 313
277, 314
277, 315
277, 316
277, 317
277, 318
277, 319
277, 320
277, 321
277, 322
277, 323
277, 324
277, 325
277, 326
277, 327
277, 328
277, 329
277, 330
277, 331
277, 332
277, 333
277, 334
277, 335
277, 336
277, 337
277, 338
277, 339
277, 340
277, 341
277, 342
277, 343
277, 344
277, 345
277, 346
277, 347
277, 348
277, 349
277, 350
277, 351
277, 352
277, 353
277, 354
277, 355
277, 356
277, 357
277, 358
277, 359
277, 360
277, 361
277, 362
277, 363
277, 364
277, 365
277, 366
277, 367
277, 368
277, 369
277, 370
277, 371
277, 372
277, 373
277, 374
277, 375
277, 376
277, 377
277, 378
277, 379
277, 380
277, 381
277, 382
277, 383
277, 384
277, 385
277, 387
277, 389
281, 291
281, 293
281, 294
281, 295
281, 296
281, 297
281, 298
281, 299
281, 300
281, 301
281, 302
281, 303
281, 304
281, 305
281, 306
281, 307
281, 308
281, 309
281, 310
281, 311
281, 312
281, 313
281, 314
281, 315
281, 316
281, 317
281, 318
281, 319
281, 320
281, 321
281, 322
281, 323
281, 324
281, 325
281, 326
281, 327
281, 328
281, 329
281, 330
281, 331
281, 332
281, 333
281, 334
281, 335
281, 336
281, 337
281, 338
281, 339
281, 340
281, 341
281, 342
281, 343
281, 344
281, 345
281, 346
281, 347
281, 348
281, 349
281, 350
281, 351
281, 352
281, 353
281, 354
281, 355
281, 356
281, 357
281, 358
281, 359
281, 360
281, 361
281, 362
281, 363
281, 364
281, 365
281, 366
281, 367
281, 368
281, 369
281, 370
281, 371
281, 372
281, 373
281, 374
281, 375
281, 376
281, 377
281, 378
281, 379
281, 380
281, 381
281, 382
281, 383
281, 384
281, 385
281, 386
281, 387
281, 388
281, 389
281, 390
281, 391
281, 392
281, 393
281, 394
281, 395
281, 397
281, 399
282, 291
282, 293
282, 294
282, 295
282, 296
282, 297
282, 298
282, 299
282, 300
282, 301
282, 302
282, 303
282, 304
282, 305
282, 306
282, 307
282, 308
282, 309
282, 310
282, 311
282, 312
282, 313
282, 314
282, 315
282, 316
282, 317
282, 318
282, 319
282, 320
282, 321
282, 322
282, 323
282, 324
282, 325
282, 326
282, 327
282, 328
282, 329
282, 330
282, 331
282, 332
282, 333
282, 334
282, 335
282, 336
282, 337
282, 338
282, 339
282, 340
282, 341
282, 342
282, 343
282, 344
282, 345
282, 346
282, 347
282, 348
282, 349
282, 350
282, 351
282, 352
282, 353
282, 354
282, 355
282, 356
282, 357
282, 358
282, 359
282, 360
282, 361
282, 362
282, 363
282, 364
282, 365
282, 366
282, 367
282, 368
282, 369
282, 370
282, 371
282, 372
282, 373
282, 374
282, 375
282, 376
282, 377
282, 378
282, 379
282, 380
282, 381
282, 382
282, 383
282, 384
282, 385
282, 386
282, 387
282, 388
282, 389
282, 390
282, 391
282, 392
282, 393
282, 394
282, 395
282, 397
282, 399
286, 295
286, 297
286, 298
286, 299
286, 300
286, 301
286, 302
286, 303
286, 304
286, 305
286, 306
286, 307
286, 308
286, 309
286, 310
286, 311
286, 312
286, 313
286, 314
286, 315
286, 316
286, 317
286, 318
286, 319
286, 320
286, 321
286, 322
286, 323
286, 324
286, 325
286, 326
286, 327
286, 328
286, 329
286, 330
286, 331
286, 332
286, 333
286, 334
286, 335
286, 336
286, 337
286, 338
286, 339
286, 340
286, 341
286, 342
286, 343
286, 344
286, 345
286, 346
286, 347
286, 348
286, 349
286, 350
286, 351
286, 352
286, 353
286, 354
286, 355
286, 356
286, 357
286, 358
286, 359
286, 360
286, 361
286, 362
286, 363
286, 364
286, 365
286, 366
286, 367
286, 368
286, 369
286, 370
286, 371
286, 372
286, 373
286, 374
286, 375
286, 376
286, 377
286, 378
286, 379
286, 380
286, 381
286, 382
286, 383
286, 384
286, 385
286, 386
286, 387
286, 388
286, 389
286, 390
286, 391
286, 392
286, 393
286, 394
286, 395
286, 396
286, 397
286, 398
286, 399
287, 296
287, 297
287, 298
287, 299
287, 300
287, 301
287, 302
287, 303
287, 304
287, 305
287, 306
287, 307
287, 308
287, 309
287, 310
287, 311
287, 312
287, 313
287, 314
287, 315
287, 316
287, 317
287, 318
287, 319
287, 320
287, 321
287, 322
287, 323
287, 324
287, 325
287, 326
287, 327
287, 328
287, 329
287, 330
287, 331
287, 332
287, 333
287, 334
287, 335
287, 336
287, 337
287, 338
287, 339
287, 340
287, 341
287, 342
287, 343
287, 344
287, 345
287, 346
287, 347
287, 348
287, 349
287, 350
287, 351
287, 352
287, 353
287, 354
287, 355
287, 356
287, 357
287, 358
287, 359
287, 360
287, 361
287, 362
287, 363
287, 364
287, 365
287, 366
287, 367
287, 368
287, 369
287, 370
287, 371
287, 372
287, 373
287, 374
287, 375
287, 376
287, 377
287, 378
287, 379
287, 380
287, 381
287, 382
287, 383
287, 384
287, 385
287, 386
287, 387
287, 388
287, 389
287, 390
287, 391
287, 392
287, 393
287, 394
287, 395
287, 396
287, 397
287, 398
287, 399
291, 305
291, 307
291, 308
291, 309
291, 310
291, 311
291, 312
291, 313
291, 314
291, 315
291, 316
291, 317
291, 318
291, 319
291, 320
291, 321
291, 322
291, 323
291, 324
291, 325
291, 326
291, 327
291, 328
291, 329
291, 330
291, 331
291, 332
291, 333
291, 334
291, 335
291, 336
291, 337
291, 338
291, 339
291, 340
291, 341
291, 342
291, 343
291, 344
291, 345
291, 346
291, 347
291, 348
291, 349
291, 350
291, 351
291, 352
291, 353
291, 354
291, 355
291, 356
291, 357
291, 358
291, 359
291, 360
291, 361
291, 362
291, 363
291, 364
291, 365
291, 366
291, 367
291, 368
291, 369
291, 370
291, 371
291, 372
291, 373
291, 374
291, 375
291, 376
291, 377
291, 378
291, 379
291, 380
291, 381
291, 382
291, 383
291, 384
291, 385
291, 386
291, 387
291, 388
291, 389
291, 390
291, 391
291, 392
291, 393
291, 394
291, 395
291, 396
291, 397
291, 398
291, 399
292, 306
292, 307
292, 308
292, 309
292, 310
292, 311
292, 312
292, 313
292, 314
292, 315
292, 316
292, 317
292, 318
292, 319
292, 320
292, 321
292, 322
292, 323
292, 324
292, 325
292, 326
292, 327
292, 328
292, 329
292, 330
292, 331
292, 332
292, 333
292, 334
292, 335
292, 336
292, 337
292, 338
292, 339
292, 340
292, 341
292, 342
292, 343
292, 344
292, 345
292, 346
292, 347
292, 348
292, 349
292, 350
292, 351
292, 352
292, 353
292, 354
292, 355
292, 356
292, 357
292, 358
292, 359
292, 360
292, 361
292, 362
292, 363
292, 364
292, 365
292, 366
292, 367
292, 368
292, 369
292, 370
292, 371
292, 372
292, 373
292, 374
292, 375
292, 376
292, 377
292, 378
292, 379
292, 380
292, 381
292, 382
292, 383
292, 384
292, 385
292, 386
292, 387
292, 388
292, 389
292, 390
292, 391
292, 392
292, 393
292, 394
292, 395
292, 396
292, 397
292, 398
292, 399
296, 313
296, 315
296, 316
296, 317
296, 318
296, 319
296, 320
296, 321
296, 322
296, 323
296, 324
296, 325
296, 326
296, 327
296, 328
296, 329
296, 330
296, 331
296, 332
296, 333
296, 334
296, 335
296, 336
296, 337
296, 338
296, 339
296, 340
296, 341
296, 342
296, 343
296, 344
296, 345
296, 346
296, 347
296, 348
296, 349
296, 350
296, 351
296, 352
296, 353
296, 354
296, 355
296, 356
296, 357
296, 358
296, 359
296, 360
296, 361
296, 362
296, 363
296, 364
296, 365
296, 366
296, 367
296, 368
296, 369
296, 370
296, 371
296, 372
296, 373
296, 374
296, 375
296, 376
296, 377
296, 378
296, 379
296, 380
296, 381
296, 382
296, 383
296, 384
296, 385
296, 386
296, 387
296, 388
296, 389
296, 390
296, 391
296, 392
296, 393
296, 394
296, 395
296, 396
296, 397
296, 398
296, 399
297, 313
297, 315
297, 316
297, 317
297, 318
297, 319
297, 320
297, 321
297, 322
297, 323
297, 324
297, 325
297, 326
297, 327
297, 328
297, 329
297, 330
297, 331
297, 332
297, 333
297, 334
297, 335
297, 336
297, 337
297, 338
297, 339
297, 340
297, 341
297, 342
297, 343
297, 344
297, 345
297, 346
297, 347
297, 348
297, 349
297, 350
297, 351
297, 352
297, 353
297, 354
297, 355
297, 356
297, 357
297, 358
297, 359
297, 360
297, 361
297, 362
297, 363
297, 364
297, 365
297, 366
297, 367
297, 368
297, 369
297, 370
297, 371
297, 372
297, 373
297, 374
297, 375
297, 376
297, 377
297, 378
297, 379
297, 380
297, 381
297, 382
297, 383
297, 384
297, 385
297, 386
297, 387
297, 388
297, 389
297, 390
297, 391
297, 392
297, 393
297, 394
297, 395
297, 396
297, 397
297, 398
297, 399
301, 323
301, 324
301, 325
301, 326
301, 327
301, 328
301, 329
301, 330
301, 331
301, 332
301, 333
301, 334
301, 335
301, 336
301, 337
301, 338
301, 339
301, 340
301, 341
301, 342
301, 343
301, 344
301, 345
301, 346
301, 347
301, 348
301, 349
301, 350
301, 351
301, 352
301, 353
301, 354
301, 355
301, 356
301, 357
301, 358
301, 359
301, 360
301, 361
301, 362
301, 363
301, 364
301, 365
301, 366
301, 367
301, 368
301, 369
301, 370
301, 371
301, 372
301, 373
301, 374
301, 375
301, 376
301, 377
301, 378
301, 379
301, 380
301, 381
301, 382
301, 383
301, 384
301, 385
301, 386
301, 387
301, 388
301, 389
301, 390
301, 391
301, 392
301, 393
301, 394
301, 395
301, 396
301, 397
301, 398
301, 399
302, 323
302, 324
302, 325
302, 326
302, 327
302, 328
302, 329
302, 330
302, 331
302, 332
302, 333
302, 334
302, 335
302, 336
302, 337
302, 338
302, 339
302, 340
302, 341
302, 342
302, 343
302, 344
302, 345
302, 346
302, 347
302, 348
302, 349
302, 350
302, 351
302, 352
302, 353
302, 354
302, 355
302, 356
302, 357
302, 358
302, 359
302, 360
302, 361
302, 362
302, 363
302, 364
302, 365
302, 366
302, 367
302, 368
302, 369
302, 370
302, 371
302, 372
302, 373
302, 374
302, 375
302, 376
302, 377
302, 378
302, 379
302, 380
302, 381
302, 382
302, 383
302, 384
302, 385
302, 386
302, 387
302, 388
302, 389
302, 390
302, 391
302, 392
302, 393
302, 394
302, 395
302, 396
302, 397
302, 398
302, 399
306, 333
306, 334
306, 335
306, 336
306, 337
306, 338
306, 339
306, 340
306, 341
306, 342
306, 343
306, 344
306, 345
306, 346
306, 347
306, 348
306, 349
306, 350
306, 351
306, 352
306, 353
306, 354
306, 355
306, 356
306, 357
306, 358
306, 359
306, 360
306, 361
306, 362
306, 363
306, 364
306, 365
306, 366
306, 367
306, 368
306, 369
306, 370
306, 371
306, 372
306, 373
306, 374
306, 375
306, 376
306, 377
306, 378
306, 379
306, 380
306, 381
306, 382
306, 383
306, 384
306, 385
306, 386
306, 387
306, 388
306, 389
306, 390
306, 391
306, 392
306, 393
306, 394
306, 395
306, 396
306, 397
306, 398
306, 399
307, 333
307, 334
307, 335
307, 336
307, 337
307, 338
307, 339
307, 340
307, 341
307, 342
307, 343
307, 344
307, 345
307, 346
307, 347
307, 348
307, 349
307, 350
307, 351
307, 352
307, 353
307, 354
307, 355
307, 356
307, 357
307, 358
307, 359
307, 360
307, 361
307, 362
307, 363
307, 364
307, 365
307, 366
307, 367
307, 368
307, 369
307, 370
307, 371
307, 372
307, 373
307, 374
307, 375
307, 376
307, 377
307, 378
307, 379
307, 380
307, 381
307, 382
307, 383
307, 384
307, 385
307, 386
307, 387
307, 388
307, 389
307, 390
307, 391
307, 392
307, 393
307, 394
307, 395
307, 396
307, 397
307, 398
307, 399
311, 343
311, 344
311, 345
311, 346
311, 347
311, 348
311, 349
311, 350
311, 351
311, 352
311, 353
311, 354
311, 355
311, 356
311, 357
311, 358
311, 359
311, 360
311, 361
311, 362
311, 363
311, 364
311, 365
311, 366
311, 367
311, 368
311, 369
311, 370
311, 371
311, 372
311, 373
311, 374
311, 375
311, 376
311, 377
311, 378
311, 379
311, 380
311, 381
311, 382
311, 383
311, 384
311, 385
311, 386
311, 387
311, 388
311, 389
311, 390
311, 391
311, 392
311, 393
311, 394
311, 395
311, 396
311, 397
311, 398
311, 399
312, 343
312, 344
312, 345
312, 346
312, 347
312, 348
312, 349
312, 350
312, 351
312, 352
312, 353
312, 354
312, 355
312, 356
312, 357
312, 358
312, 359
312, 360
312, 361
312, 362
312, 363
312, 364
312, 365
312, 366
312, 367
312, 368
312, 369
312, 370
312, 371
312, 372
312, 373
312, 374
312, 375
312, 376
312, 377
312, 378
312, 379
312, 380
312, 381
312, 382
312, 383
312, 384
312, 385
312, 386
312, 387
312, 388
312, 389
312, 390
312, 391
312, 392
312, 393
312, 394
312, 395
312, 396
312, 397
312, 398
312, 399
316, 353
316, 354
316, 355
316, 356
316, 357
316, 358
316, 359
316, 360
316, 361
316, 362
316, 363
316, 364
316, 365
316, 366
316, 367
316, 368
316, 369
316, 370
316, 371
316, 372
316, 373
316, 374
316, 375
316, 376
316, 377
316, 378
316, 379
316, 380
316, 381
316, 382
316, 383
316, 384
316, 385
316, 386
316, 387
316, 388
316, 389
316, 390
316, 391
316, 392
316, 393
316, 394
316, 395
316, 396
316, 397
316, 398
316, 399
317, 353
317, 354
317, 355
317, 356
317, 357
317, 358
317, 359
317, 360
317, 361
317, 362
317, 363
317, 364
317, 365
317, 366
317, 367
317, 368
317, 369
317, 370
317, 371
317, 372
317, 373
317, 374
317, 375
317, 376
317, 377
317, 378
317, 379
317, 380
317, 381
317, 382
317, 383
317, 384
317, 385
317, 386
317, 387
317, 388
317, 389
317, 390
317, 391
317, 392
317, 393
317, 394
317, 395
317, 396
317, 397
317, 398
317, 399
321, 363
321, 364
321, 365
321, 366
321, 367
321, 368
321, 369
321, 370
321, 371
321, 372
321, 373
321, 374
321, 375
321, 376
321, 377
321, 378
321, 379
321, 380
321, 381
321, 382
321, 383
321, 384
321, 385
321, 386
321, 387
321, 388
321, 389
321, 390
321, 391
321, 392
321, 393
321, 394
321, 395
321, 396
321, 397
321, 398
321, 399
322, 363
322, 364
322, 365
322, 366
322, 367
322, 368
322, 369
322, 370
322, 371
322, 372
322, 373
322, 374
322, 375
322, 376
322, 377
322, 378
322, 379
322, 380
322, 381
322, 382
322, 383
322, 384
322, 385
322, 386
322, 387
322, 388
322, 389
322, 390
322, 391
322, 392
322, 393
322, 394
322, 395
322, 396
322, 397
322, 398
322, 399
326, 373
326, 374
326, 375
326, 376
326, 377
326, 378
326, 379
326, 380
326, 381
326, 382
326, 383
326, 384
326, 385
326, 386
326, 387
326, 388
326, 389
326, 390
326, 391
326, 392
326, 393
326, 394
326, 395
326, 396
326, 397
326, 398
326, 399
327, 373
327, 374
327, 375
327, 376
327, 377
327, 378
327, 379
327, 380
327, 381
327, 382
327, 383
327, 384
327, 385
327, 386
327, 387
327, 388
327, 389
327, 390
327, 391
327, 392
327, 393
327, 394
327, 395
327, 396
327, 397
327, 398
327, 399
331, 383
331, 384
331, 385
331, 386
331, 387
331, 388
331, 389
331, 390
331, 391
331, 392
331, 393
331, 394
331, 395
331, 396
331, 397
331, 398
331, 399
332, 383
332, 384
332, 385
332, 386
332, 387
332, 388
332, 389
332, 390
332, 391
332, 392
332, 393
332, 394
332, 395
332, 396
332, 397
332, 398
332, 399
336, 395
336, 397
336, 399
337, 395
337, 397
337, 399
376, 391
376, 393
376, 395
376, 397
376, 399
377, 391
377, 393
377, 395
377, 397
377, 399
381, 395
381, 397
381, 399
382, 397
382, 399
